plot,block,idTreatment,plotSize,exposition,side,substrateType,seedmixType,surveyYear,vegetationCov,botanist,bioMass,id,conf.low,conf.high,graminoidCov,shannon
L1_01,1,L_111,4,south,land,1,1,2018,80,Jakob Huber,NA,L1_01_2018,1,1,0,0.222347178
L1_01,1,L_111,4,south,land,1,1,2019,70,Linda Weggler,NA,L1_01_2019,2,2,11,2.251831182
L1_01,1,L_111,4,south,land,1,1,2020,70,Jakob Huber,NA,L1_01_2020,3,3,33.5,1.960201812
L1_01,1,L_111,4,south,land,1,1,2021,70,Markus Bauer,NA,L1_01_2021,4,4,37,2.640649187
L1_02,1,L_113,4,south,land,1,3,2018,65,Jakob Huber,NA,L1_02_2018,5,5,0.5,0.322994064
L1_02,1,L_113,4,south,land,1,3,2019,50,Linda Weggler,NA,L1_02_2019,6,6,1,1.565003381
L1_02,1,L_113,4,south,land,1,3,2020,60,Jakob Huber,NA,L1_02_2020,7,7,25.5,1.845630129
L1_02,1,L_113,4,south,land,1,3,2021,80,Markus Bauer,NA,L1_02_2021,8,8,26,2.182153397
L1_03,1,L_114,4,south,land,1,4,2018,70,Jakob Huber,NA,L1_03_2018,9,9,0,0.421532456
L1_03,1,L_114,4,south,land,1,4,2019,60,Linda Weggler,NA,L1_03_2019,10,10,0.5,1.085381876
L1_03,1,L_114,4,south,land,1,4,2020,80,Jakob Huber,NA,L1_03_2020,11,11,1.5,0.713275587
L1_03,1,L_114,4,south,land,1,4,2021,50,Markus Bauer,NA,L1_03_2021,12,12,22,2.112370053
L1_04,1,L_112,4,south,land,1,2,2018,80,Jakob Huber,NA,L1_04_2018,13,13,1,0.184564805
L1_04,1,L_112,4,south,land,1,2,2019,60,Linda Weggler,NA,L1_04_2019,14,14,3.5,1.431070735
L1_04,1,L_112,4,south,land,1,2,2020,60,Jakob Huber,NA,L1_04_2020,15,15,41,1.3083145
L1_04,1,L_112,4,south,land,1,2,2021,50,Markus Bauer,NA,L1_04_2021,16,16,20,2.311034068
L1_05,1,L_122,4,south,land,2,2,2018,30,Jakob Huber,NA,L1_05_2018,17,17,0.5,0.467523322
L1_05,1,L_122,4,south,land,2,2,2019,60,Linda Weggler,NA,L1_05_2019,18,18,0.5,1.904374045
L1_05,1,L_122,4,south,land,2,2,2020,70,Jakob Huber,NA,L1_05_2020,19,19,30.5,1.789704845
L1_05,1,L_122,4,south,land,2,2,2021,70,Markus Bauer,NA,L1_05_2021,20,20,12,2.207707501
L1_06,1,L_123,4,south,land,2,3,2018,50,Jakob Huber,NA,L1_06_2018,21,21,1,0.969408349
L1_06,1,L_123,4,south,land,2,3,2019,70,Linda Weggler,NA,L1_06_2019,22,22,1.5,1.763492686
L1_06,1,L_123,4,south,land,2,3,2020,80,Jakob Huber,NA,L1_06_2020,23,23,26.5,1.882565839
L1_06,1,L_123,4,south,land,2,3,2021,90,Markus Bauer,NA,L1_06_2021,24,24,17,2.053685647
L1_07,1,L_121,4,south,land,2,1,2018,75,Jakob Huber,NA,L1_07_2018,25,25,1,0.603002444
L1_07,1,L_121,4,south,land,2,1,2019,70,Linda Weggler,NA,L1_07_2019,26,26,1.5,1.914662483
L1_07,1,L_121,4,south,land,2,1,2020,80,Jakob Huber,NA,L1_07_2020,27,27,21,1.830220435
L1_07,1,L_121,4,south,land,2,1,2021,80,Markus Bauer,NA,L1_07_2021,28,28,15,2.301009064
L1_08,1,L_124,4,south,land,2,4,2018,85,Jakob Huber,NA,L1_08_2018,29,29,0.5,0.209769596
L1_08,1,L_124,4,south,land,2,4,2019,70,Linda Weggler,NA,L1_08_2019,30,30,3.5,1.800389021
L1_08,1,L_124,4,south,land,2,4,2020,65,Jakob Huber,NA,L1_08_2020,31,31,26,2.017301956
L1_08,1,L_124,4,south,land,2,4,2021,70,Markus Bauer,NA,L1_08_2021,32,32,6,2.204299844
L1_09,1,L_131,4,south,land,3,1,2018,50,Jakob Huber,NA,L1_09_2018,33,33,2.5,0.52461196
L1_09,1,L_131,4,south,land,3,1,2019,60,Linda Weggler,NA,L1_09_2019,34,34,13.5,1.260433439
L1_09,1,L_131,4,south,land,3,1,2020,65,Jakob Huber,NA,L1_09_2020,35,35,61,0.817630035
L1_09,1,L_131,4,south,land,3,1,2021,90,Markus Bauer,NA,L1_09_2021,36,36,34.5,2.017630117
L1_10,1,L_132,4,south,land,3,2,2018,75,Jakob Huber,NA,L1_10_2018,37,37,0.5,0.362923472
L1_10,1,L_132,4,south,land,3,2,2019,65,Linda Weggler,NA,L1_10_2019,38,38,10.5,1.037248179
L1_10,1,L_132,4,south,land,3,2,2020,70,Jakob Huber,NA,L1_10_2020,39,39,54,1.114699604
L1_10,1,L_132,4,south,land,3,2,2021,80,Markus Bauer,NA,L1_10_2021,40,40,22.5,1.83685557
L1_11,1,L_133,4,south,land,3,3,2018,85,Jakob Huber,NA,L1_11_2018,41,41,1.5,0.773351663
L1_11,1,L_133,4,south,land,3,3,2019,70,Linda Weggler,NA,L1_11_2019,42,42,1,1.647085248
L1_11,1,L_133,4,south,land,3,3,2020,75,Jakob Huber,NA,L1_11_2020,43,43,25.5,2.260276112
L1_11,1,L_133,4,south,land,3,3,2021,90,Markus Bauer,NA,L1_11_2021,44,44,14.5,2.420598726
L1_12,1,L_134,4,south,land,3,4,2018,75,Jakob Huber,NA,L1_12_2018,45,45,1,0.88961362
L1_12,1,L_134,4,south,land,3,4,2019,90,Linda Weggler,NA,L1_12_2019,46,46,0.5,0.804340308
L1_12,1,L_134,4,south,land,3,4,2020,80,Jakob Huber,NA,L1_12_2020,47,47,3.5,1.220044397
L1_12,1,L_134,4,south,land,3,4,2021,90,Markus Bauer,NA,L1_12_2021,48,48,4.5,1.364145895
L1_13,1,L_143,4,south,land,4,3,2018,75,Jakob Huber,NA,L1_13_2018,49,49,1,0.472864668
L1_13,1,L_143,4,south,land,4,3,2019,80,Linda Weggler,NA,L1_13_2019,50,50,1,1.368268259
L1_13,1,L_143,4,south,land,4,3,2020,85,Jakob Huber,NA,L1_13_2020,51,51,41,1.135895797
L1_13,1,L_143,4,south,land,4,3,2021,80,Markus Bauer,NA,L1_13_2021,52,52,9,1.777664623
L1_14,1,L_142,4,south,land,4,2,2018,60,Jakob Huber,NA,L1_14_2018,53,53,0.5,0.705871875
L1_14,1,L_142,4,south,land,4,2,2019,80,Linda Weggler,NA,L1_14_2019,54,54,1,1.621530686
L1_14,1,L_142,4,south,land,4,2,2020,80,Jakob Huber,NA,L1_14_2020,55,55,30.5,1.515369204
L1_14,1,L_142,4,south,land,4,2,2021,90,Markus Bauer,NA,L1_14_2021,56,56,3,1.912786821
L1_15,1,L_144,4,south,land,4,4,2018,75,Jakob Huber,NA,L1_15_2018,57,57,0,0.283135532
L1_15,1,L_144,4,south,land,4,4,2019,70,Linda Weggler,NA,L1_15_2019,58,58,2,1.548752576
L1_15,1,L_144,4,south,land,4,4,2020,55,Jakob Huber,NA,L1_15_2020,59,59,21.5,1.775251558
L1_15,1,L_144,4,south,land,4,4,2021,90,Markus Bauer,NA,L1_15_2021,60,60,8.5,1.681084705
L1_16,1,L_141,4,south,land,4,1,2018,50,Jakob Huber,NA,L1_16_2018,61,61,0.5,0.756762111
L1_16,1,L_141,4,south,land,4,1,2019,80,Linda Weggler,NA,L1_16_2019,62,62,1.5,1.421490457
L1_16,1,L_141,4,south,land,4,1,2020,75,Jakob Huber,NA,L1_16_2020,63,63,10.5,1.587928138
L1_16,1,L_141,4,south,land,4,1,2021,90,Markus Bauer,NA,L1_16_2021,64,64,9,1.523074752
L1_17,1,L_151,4,south,land,5,1,2018,60,Jakob Huber,NA,L1_17_2018,65,65,0.5,0.232321664
L1_17,1,L_151,4,south,land,5,1,2019,70,Linda Weggler,NA,L1_17_2019,66,66,0.5,1.436325778
L1_17,1,L_151,4,south,land,5,1,2020,70,Jakob Huber,NA,L1_17_2020,67,67,21,1.785911579
L1_17,1,L_151,4,south,land,5,1,2021,80,Markus Bauer,NA,L1_17_2021,68,68,7,1.841310819
L1_18,1,L_153,4,south,land,5,3,2018,50,Jakob Huber,NA,L1_18_2018,69,69,0.5,0.705871875
L1_18,1,L_153,4,south,land,5,3,2019,80,Linda Weggler,NA,L1_18_2019,70,70,1.5,1.548787612
L1_18,1,L_153,4,south,land,5,3,2020,70,Jakob Huber,NA,L1_18_2020,71,71,7,1.206509884
L1_18,1,L_153,4,south,land,5,3,2021,80,Markus Bauer,NA,L1_18_2021,72,72,6.5,1.914320761
L1_19,1,L_154,4,south,land,5,4,2018,50,Jakob Huber,NA,L1_19_2018,73,73,1,0.268083983
L1_19,1,L_154,4,south,land,5,4,2019,80,Linda Weggler,NA,L1_19_2019,74,74,0.5,1.644227847
L1_19,1,L_154,4,south,land,5,4,2020,75,Jakob Huber,NA,L1_19_2020,75,75,0.5,1.429295156
L1_19,1,L_154,4,south,land,5,4,2021,90,Markus Bauer,NA,L1_19_2021,76,76,0,1.692866923
L1_20,1,L_152,4,south,land,5,2,2018,50,Jakob Huber,NA,L1_20_2018,77,77,0,0.055546075
L1_20,1,L_152,4,south,land,5,2,2019,80,Linda Weggler,NA,L1_20_2019,78,78,0.5,1.195312909
L1_20,1,L_152,4,south,land,5,2,2020,75,Jakob Huber,NA,L1_20_2020,79,79,6,1.660172113
L1_20,1,L_152,4,south,land,5,2,2021,80,Markus Bauer,NA,L1_20_2021,80,80,5.5,1.980446729
L1_21,1,L_162,4,south,land,6,2,2018,30,Jakob Huber,NA,L1_21_2018,81,81,3,1.046035547
L1_21,1,L_162,4,south,land,6,2,2019,60,Linda Weggler,NA,L1_21_2019,82,82,1.5,1.17496985
L1_21,1,L_162,4,south,land,6,2,2020,70,Jakob Huber,NA,L1_21_2020,83,83,3,1.407443621
L1_21,1,L_162,4,south,land,6,2,2021,90,Markus Bauer,NA,L1_21_2021,84,84,14,2.483521736
L1_22,1,L_164,4,south,land,6,4,2018,65,Jakob Huber,NA,L1_22_2018,85,85,1.5,0.549943088
L1_22,1,L_164,4,south,land,6,4,2019,60,Linda Weggler,NA,L1_22_2019,86,86,1.5,1.344186736
L1_22,1,L_164,4,south,land,6,4,2020,70,Jakob Huber,NA,L1_22_2020,87,87,16,1.984789344
L1_22,1,L_164,4,south,land,6,4,2021,90,Markus Bauer,NA,L1_22_2021,88,88,17,2.049396362
L1_23,1,L_161,4,south,land,6,1,2018,60,Jakob Huber,NA,L1_23_2018,89,89,1,0.581032615
L1_23,1,L_161,4,south,land,6,1,2019,60,Linda Weggler,NA,L1_23_2019,90,90,1,1.267249219
L1_23,1,L_161,4,south,land,6,1,2020,75,Jakob Huber,NA,L1_23_2020,91,91,28,2.010514557
L1_23,1,L_161,4,south,land,6,1,2021,90,Markus Bauer,NA,L1_23_2021,92,92,33,2.060206975
L1_24,1,L_163,4,south,land,6,3,2018,60,Jakob Huber,NA,L1_24_2018,93,93,2.5,0.782472548
L1_24,1,L_163,4,south,land,6,3,2019,80,Linda Weggler,NA,L1_24_2019,94,94,1,0.931155531
L1_24,1,L_163,4,south,land,6,3,2020,85,Jakob Huber,NA,L1_24_2020,95,95,4.5,0.888363694
L1_24,1,L_163,4,south,land,6,3,2021,90,Markus Bauer,NA,L1_24_2021,96,96,7,1.7866163
L2_01,2,L_212,4,south,land,1,2,2018,45,Jakob Huber,NA,L2_01_2018,97,97,1,0.543061801
L2_01,2,L_212,4,south,land,1,2,2019,60,Linda Weggler,NA,L2_01_2019,98,98,1.5,1.45639886
L2_01,2,L_212,4,south,land,1,2,2020,50,Jakob Huber,NA,L2_01_2020,99,99,19,2.218089638
L2_01,2,L_212,4,south,land,1,2,2021,50,Markus Bauer,NA,L2_01_2021,100,100,16,2.64872078
L2_02,2,L_214,4,south,land,1,4,2018,55,Jakob Huber,NA,L2_02_2018,101,101,0.5,0.463876369
L2_02,2,L_214,4,south,land,1,4,2019,60,Linda Weggler,NA,L2_02_2019,102,102,1.5,1.237594598
L2_02,2,L_214,4,south,land,1,4,2020,55,Jakob Huber,NA,L2_02_2020,103,103,3.5,1.247585273
L2_02,2,L_214,4,south,land,1,4,2021,50,Markus Bauer,NA,L2_02_2021,104,104,14.5,1.956497196
L2_03,2,L_211,4,south,land,1,1,2018,65,Jakob Huber,NA,L2_03_2018,105,105,0,0.488125265
L2_03,2,L_211,4,south,land,1,1,2019,60,Linda Weggler,NA,L2_03_2019,106,106,1.5,1.484247167
L2_03,2,L_211,4,south,land,1,1,2020,70,Jakob Huber,NA,L2_03_2020,107,107,22,2.103141312
L2_03,2,L_211,4,south,land,1,1,2021,80,Markus Bauer,NA,L2_03_2021,108,108,9,2.292505944
L2_04,2,L_213,4,south,land,1,3,2018,40,Jakob Huber,NA,L2_04_2018,109,109,0,0.737210256
L2_04,2,L_213,4,south,land,1,3,2019,70,Linda Weggler,NA,L2_04_2019,110,110,10.5,1.601066727
L2_04,2,L_213,4,south,land,1,3,2020,70,Jakob Huber,NA,L2_04_2020,111,111,31.5,1.7679505
L2_04,2,L_213,4,south,land,1,3,2021,70,Markus Bauer,NA,L2_04_2021,112,112,11.5,1.63734867
L2_05,2,L_221,4,south,land,2,1,2018,30,Jakob Huber,NA,L2_05_2018,113,113,1.5,0.668277652
L2_05,2,L_221,4,south,land,2,1,2019,70,Linda Weggler,NA,L2_05_2019,114,114,6.5,1.818293844
L2_05,2,L_221,4,south,land,2,1,2020,65,Jakob Huber,NA,L2_05_2020,115,115,23,1.892051024
L2_05,2,L_221,4,south,land,2,1,2021,70,Markus Bauer,NA,L2_05_2021,116,116,30.5,2.118631178
L2_06,2,L_224,4,south,land,2,4,2018,30,Jakob Huber,NA,L2_06_2018,117,117,0.5,0.394992289
L2_06,2,L_224,4,south,land,2,4,2019,70,Linda Weggler,NA,L2_06_2019,118,118,3,1.712524816
L2_06,2,L_224,4,south,land,2,4,2020,65,Jakob Huber,NA,L2_06_2020,119,119,9,2.114982109
L2_06,2,L_224,4,south,land,2,4,2021,80,Markus Bauer,NA,L2_06_2021,120,120,16,2.296741207
L2_07,2,L_223,4,south,land,2,3,2018,25,Jakob Huber,NA,L2_07_2018,121,121,0.5,1.238626522
L2_07,2,L_223,4,south,land,2,3,2019,80,Linda Weggler,NA,L2_07_2019,122,122,0.5,1.096153658
L2_07,2,L_223,4,south,land,2,3,2020,70,Jakob Huber,NA,L2_07_2020,123,123,5,1.37325748
L2_07,2,L_223,4,south,land,2,3,2021,80,Markus Bauer,NA,L2_07_2021,124,124,10,1.772280952
L2_08,2,L_222,4,south,land,2,2,2018,20,Jakob Huber,NA,L2_08_2018,125,125,3,1.282897234
L2_08,2,L_222,4,south,land,2,2,2019,60,Linda Weggler,NA,L2_08_2019,126,126,1,1.718057785
L2_08,2,L_222,4,south,land,2,2,2020,65,Jakob Huber,NA,L2_08_2020,127,127,11,2.131968888
L2_08,2,L_222,4,south,land,2,2,2021,80,Markus Bauer,NA,L2_08_2021,128,128,11,2.11292317
L2_09,2,L_234,4,south,land,3,4,2018,60,Jakob Huber,NA,L2_09_2018,129,129,1.5,0.44909309
L2_09,2,L_234,4,south,land,3,4,2019,60,Linda Weggler,NA,L2_09_2019,130,130,3.5,1.9469471
L2_09,2,L_234,4,south,land,3,4,2020,60,Jakob Huber,NA,L2_09_2020,131,131,20.5,2.18889317
L2_09,2,L_234,4,south,land,3,4,2021,80,Markus Bauer,NA,L2_09_2021,132,132,18.5,2.488071062
L2_10,2,L_233,4,south,land,3,3,2018,45,Jakob Huber,NA,L2_10_2018,133,133,7,0.735504355
L2_10,2,L_233,4,south,land,3,3,2019,40,Linda Weggler,NA,L2_10_2019,134,134,16,1.84221743
L2_10,2,L_233,4,south,land,3,3,2020,60,Jakob Huber,NA,L2_10_2020,135,135,36,2.08489487
L2_10,2,L_233,4,south,land,3,3,2021,80,Markus Bauer,NA,L2_10_2021,136,136,14.5,2.180175443
L2_11,2,L_231,4,south,land,3,1,2018,40,Jakob Huber,NA,L2_11_2018,137,137,2,0.549736024
L2_11,2,L_231,4,south,land,3,1,2019,60,Linda Weggler,NA,L2_11_2019,138,138,1.5,1.695383067
L2_11,2,L_231,4,south,land,3,1,2020,60,Jakob Huber,NA,L2_11_2020,139,139,20.5,2.361644525
L2_11,2,L_231,4,south,land,3,1,2021,70,Markus Bauer,NA,L2_11_2021,140,140,14.5,2.273518156
L2_12,2,L_232,4,south,land,3,2,2018,65,Jakob Huber,NA,L2_12_2018,141,141,1.5,0.259864602
L2_12,2,L_232,4,south,land,3,2,2019,30,Linda Weggler,NA,L2_12_2019,142,142,1.5,1.598572704
L2_12,2,L_232,4,south,land,3,2,2020,30,Jakob Huber,NA,L2_12_2020,143,143,3,2.40602381
L2_12,2,L_232,4,south,land,3,2,2021,40,Markus Bauer,NA,L2_12_2021,144,144,2,1.784492455
L2_13,2,L_241,4,south,land,4,1,2018,70,Jakob Huber,NA,L2_13_2018,145,145,0,0.245045395
L2_13,2,L_241,4,south,land,4,1,2019,50,Linda Weggler,NA,L2_13_2019,146,146,3.5,1.535516347
L2_13,2,L_241,4,south,land,4,1,2020,65,Jakob Huber,NA,L2_13_2020,147,147,11,1.669147157
L2_13,2,L_241,4,south,land,4,1,2021,70,Markus Bauer,NA,L2_13_2021,148,148,14.5,2.291826931
L2_14,2,L_243,4,south,land,4,3,2018,80,Jakob Huber,NA,L2_14_2018,149,149,0,0.326391818
L2_14,2,L_243,4,south,land,4,3,2019,70,Linda Weggler,NA,L2_14_2019,150,150,1,1.505319127
L2_14,2,L_243,4,south,land,4,3,2020,80,Jakob Huber,NA,L2_14_2020,151,151,12,1.492745294
L2_14,2,L_243,4,south,land,4,3,2021,90,Markus Bauer,NA,L2_14_2021,152,152,4,1.166520102
L2_15,2,L_244,4,south,land,4,4,2018,85,Jakob Huber,NA,L2_15_2018,153,153,0.5,0.280316658
L2_15,2,L_244,4,south,land,4,4,2019,80,Linda Weggler,NA,L2_15_2019,154,154,11,1.926776269
L2_15,2,L_244,4,south,land,4,4,2020,70,Jakob Huber,NA,L2_15_2020,155,155,5,2.176845314
L2_15,2,L_244,4,south,land,4,4,2021,60,Markus Bauer,NA,L2_15_2021,156,156,12.5,2.113514073
L2_16,2,L_242,4,south,land,4,2,2018,80,Jakob Huber,NA,L2_16_2018,157,157,0,0.429413433
L2_16,2,L_242,4,south,land,4,2,2019,80,Linda Weggler,NA,L2_16_2019,158,158,1.5,1.83611122
L2_16,2,L_242,4,south,land,4,2,2020,85,Jakob Huber,NA,L2_16_2020,159,159,3.5,1.090178577
L2_16,2,L_242,4,south,land,4,2,2021,70,Markus Bauer,NA,L2_16_2021,160,160,9.5,2.331928995
L2_17,2,L_254,4,south,land,5,4,2018,65,Jakob Huber,NA,L2_17_2018,161,161,1.5,0.780837686
L2_17,2,L_254,4,south,land,5,4,2019,80,Linda Weggler,NA,L2_17_2019,162,162,1,1.056308732
L2_17,2,L_254,4,south,land,5,4,2020,80,Jakob Huber,NA,L2_17_2020,163,163,3.5,0.836194566
L2_17,2,L_254,4,south,land,5,4,2021,70,Markus Bauer,NA,L2_17_2021,164,164,10.5,1.931897276
L2_18,2,L_251,4,south,land,5,1,2018,50,Jakob Huber,NA,L2_18_2018,165,165,3.5,1.117088496
L2_18,2,L_251,4,south,land,5,1,2019,70,Linda Weggler,NA,L2_18_2019,166,166,1.5,1.945978703
L2_18,2,L_251,4,south,land,5,1,2020,65,Jakob Huber,NA,L2_18_2020,167,167,4,1.36244349
L2_18,2,L_251,4,south,land,5,1,2021,80,Markus Bauer,NA,L2_18_2021,168,168,7,1.98104456
L2_19,2,L_253,4,south,land,5,3,2018,30,Jakob Huber,NA,L2_19_2018,169,169,4,1.544300064
L2_19,2,L_253,4,south,land,5,3,2019,60,Linda Weggler,NA,L2_19_2019,170,170,0.5,1.869764925
L2_19,2,L_253,4,south,land,5,3,2020,55,Jakob Huber,NA,L2_19_2020,171,171,2.5,2.260009039
L2_19,2,L_253,4,south,land,5,3,2021,80,Markus Bauer,NA,L2_19_2021,172,172,4,1.729123759
L2_20,2,L_252,4,south,land,5,2,2018,75,Jakob Huber,NA,L2_20_2018,173,173,0.5,0.466682336
L2_20,2,L_252,4,south,land,5,2,2019,70,Linda Weggler,NA,L2_20_2019,174,174,1.5,1.918767314
L2_20,2,L_252,4,south,land,5,2,2020,75,Jakob Huber,NA,L2_20_2020,175,175,1.5,0.805627607
L2_20,2,L_252,4,south,land,5,2,2021,80,Markus Bauer,NA,L2_20_2021,176,176,5,1.931191975
L2_21,2,L_261,4,south,land,6,1,2018,70,Jakob Huber,NA,L2_21_2018,177,177,1.5,0.503025346
L2_21,2,L_261,4,south,land,6,1,2019,60,Linda Weggler,NA,L2_21_2019,178,178,1.5,2.144685292
L2_21,2,L_261,4,south,land,6,1,2020,75,Jakob Huber,NA,L2_21_2020,179,179,4.5,2.2801864
L2_21,2,L_261,4,south,land,6,1,2021,90,Markus Bauer,NA,L2_21_2021,180,180,6,1.929001902
L2_22,2,L_262,4,south,land,6,2,2018,55,Jakob Huber,NA,L2_22_2018,181,181,1.5,0.410858571
L2_22,2,L_262,4,south,land,6,2,2019,60,Linda Weggler,NA,L2_22_2019,182,182,1,2.102504812
L2_22,2,L_262,4,south,land,6,2,2020,65,Jakob Huber,NA,L2_22_2020,183,183,7.5,2.290036993
L2_22,2,L_262,4,south,land,6,2,2021,60,Markus Bauer,NA,L2_22_2021,184,184,12.5,2.185262379
L2_23,2,L_263,4,south,land,6,3,2018,60,Jakob Huber,NA,L2_23_2018,185,185,1,0.18722504
L2_23,2,L_263,4,south,land,6,3,2019,70,Linda Weggler,NA,L2_23_2019,186,186,4,2.054215958
L2_23,2,L_263,4,south,land,6,3,2020,60,Jakob Huber,NA,L2_23_2020,187,187,4,1.928849816
L2_23,2,L_263,4,south,land,6,3,2021,70,Markus Bauer,NA,L2_23_2021,188,188,3.5,2.026951963
L2_24,2,L_264,4,south,land,6,4,2018,75,Jakob Huber,NA,L2_24_2018,189,189,1,0.194423219
L2_24,2,L_264,4,south,land,6,4,2019,60,Linda Weggler,NA,L2_24_2019,190,190,1.5,1.794779288
L2_24,2,L_264,4,south,land,6,4,2020,80,Jakob Huber,NA,L2_24_2020,191,191,3,0.995713876
L2_24,2,L_264,4,south,land,6,4,2021,70,Markus Bauer,NA,L2_24_2021,192,192,3,1.808623835
L3_01,3,L_311,4,south,land,1,1,2018,25,Jakob Huber,NA,L3_01_2018,193,193,0.5,0.948415334
L3_01,3,L_311,4,south,land,1,1,2019,80,Linda Weggler,NA,L3_01_2019,194,194,0.5,1.198712309
L3_01,3,L_311,4,south,land,1,1,2020,70,Katharina Beck,NA,L3_01_2020,195,195,1.5,1.139274599
L3_01,3,L_311,4,south,land,1,1,2021,80,Markus Bauer,NA,L3_01_2021,196,196,22.5,2.090842947
L3_02,3,L_314,4,south,land,1,4,2018,20,Jakob Huber,NA,L3_02_2018,197,197,1.5,1.54019625
L3_02,3,L_314,4,south,land,1,4,2019,85,Linda Weggler,NA,L3_02_2019,198,198,1.5,1.021447235
L3_02,3,L_314,4,south,land,1,4,2020,75,Katharina Beck,NA,L3_02_2020,199,199,3,1.358370909
L3_02,3,L_314,4,south,land,1,4,2021,80,Markus Bauer,NA,L3_02_2021,200,200,4,1.818279606
L3_03,3,L_312,4,south,land,1,2,2018,20,Jakob Huber,NA,L3_03_2018,201,201,1,1.007006111
L3_03,3,L_312,4,south,land,1,2,2019,70,Linda Weggler,NA,L3_03_2019,202,202,2,1.563344024
L3_03,3,L_312,4,south,land,1,2,2020,70,Katharina Beck,NA,L3_03_2020,203,203,3.5,1.437581382
L3_03,3,L_312,4,south,land,1,2,2021,70,Markus Bauer,NA,L3_03_2021,204,204,30.5,2.343991232
L3_04,3,L_313,4,south,land,1,3,2018,25,Jakob Huber,NA,L3_04_2018,205,205,2,1.251327411
L3_04,3,L_313,4,south,land,1,3,2019,70,Linda Weggler,NA,L3_04_2019,206,206,1,1.230082261
L3_04,3,L_313,4,south,land,1,3,2020,75,Katharina Beck,NA,L3_04_2020,207,207,7,1.32381441
L3_04,3,L_313,4,south,land,1,3,2021,80,Markus Bauer,NA,L3_04_2021,208,208,15,1.858138985
L3_05,3,L_322,4,south,land,2,2,2018,25,Jakob Huber,NA,L3_05_2018,209,209,1.5,1.521955901
L3_05,3,L_322,4,south,land,2,2,2019,70,Linda Weggler,NA,L3_05_2019,210,210,1,1.487894185
L3_05,3,L_322,4,south,land,2,2,2020,65,Katharina Beck,NA,L3_05_2020,211,211,4,1.828529797
L3_05,3,L_322,4,south,land,2,2,2021,70,Markus Bauer,NA,L3_05_2021,212,212,14.5,1.952398068
L3_06,3,L_321,4,south,land,2,1,2018,20,Jakob Huber,NA,L3_06_2018,213,213,2,1.570838718
L3_06,3,L_321,4,south,land,2,1,2019,50,Linda Weggler,NA,L3_06_2019,214,214,1,1.407354309
L3_06,3,L_321,4,south,land,2,1,2020,55,Katharina Beck,NA,L3_06_2020,215,215,3,1.68004577
L3_06,3,L_321,4,south,land,2,1,2021,60,Markus Bauer,NA,L3_06_2021,216,216,10.5,2.395640164
L3_07,3,L_323,4,south,land,2,3,2018,25,Jakob Huber,NA,L3_07_2018,217,217,1,1.474367014
L3_07,3,L_323,4,south,land,2,3,2019,70,Linda Weggler,NA,L3_07_2019,218,218,0.5,1.565796771
L3_07,3,L_323,4,south,land,2,3,2020,60,Katharina Beck,NA,L3_07_2020,219,219,2.5,1.202766602
L3_07,3,L_323,4,south,land,2,3,2021,80,Markus Bauer,NA,L3_07_2021,220,220,5,2.081257113
L3_08,3,L_324,4,south,land,2,4,2018,20,Jakob Huber,NA,L3_08_2018,221,221,2,1.604735906
L3_08,3,L_324,4,south,land,2,4,2019,70,Linda Weggler,NA,L3_08_2019,222,222,1,1.097303574
L3_08,3,L_324,4,south,land,2,4,2020,65,Katharina Beck,NA,L3_08_2020,223,223,1.5,1.502067219
L3_08,3,L_324,4,south,land,2,4,2021,60,Markus Bauer,NA,L3_08_2021,224,224,1,1.925701321
L3_09,3,L_334,4,south,land,3,4,2018,45,Jakob Huber,NA,L3_09_2018,225,225,1.5,0.568954551
L3_09,3,L_334,4,south,land,3,4,2019,70,Linda Weggler,NA,L3_09_2019,226,226,1,1.429087968
L3_09,3,L_334,4,south,land,3,4,2020,65,Katharina Beck,NA,L3_09_2020,227,227,3.5,1.199096186
L3_09,3,L_334,4,south,land,3,4,2021,70,Markus Bauer,NA,L3_09_2021,228,228,14,2.596609418
L3_10,3,L_332,4,south,land,3,2,2018,70,Jakob Huber,NA,L3_10_2018,229,229,2,0.535558602
L3_10,3,L_332,4,south,land,3,2,2019,50,Linda Weggler,NA,L3_10_2019,230,230,1.5,1.705728734
L3_10,3,L_332,4,south,land,3,2,2020,60,Katharina Beck,NA,L3_10_2020,231,231,2,1.535024816
L3_10,3,L_332,4,south,land,3,2,2021,50,Markus Bauer,NA,L3_10_2021,232,232,3,2.042295043
L3_11,3,L_333,4,south,land,3,3,2018,20,Jakob Huber,NA,L3_11_2018,233,233,2.5,1.473502723
L3_11,3,L_333,4,south,land,3,3,2019,50,Linda Weggler,NA,L3_11_2019,234,234,1,1.454660961
L3_11,3,L_333,4,south,land,3,3,2020,50,Katharina Beck,NA,L3_11_2020,235,235,1,1.603134968
L3_11,3,L_333,4,south,land,3,3,2021,50,Markus Bauer,NA,L3_11_2021,236,236,3,2.044322703
L3_12,3,L_331,4,south,land,3,1,2018,20,Jakob Huber,NA,L3_12_2018,237,237,1.5,1.223656811
L3_12,3,L_331,4,south,land,3,1,2019,50,Linda Weggler,NA,L3_12_2019,238,238,1,1.08303303
L3_12,3,L_331,4,south,land,3,1,2020,50,Katharina Beck,NA,L3_12_2020,239,239,3,1.787266028
L3_12,3,L_331,4,south,land,3,1,2021,60,Markus Bauer,NA,L3_12_2021,240,240,5,2.406117532
L3_13,3,L_341,4,south,land,4,1,2018,40,Jakob Huber,NA,L3_13_2018,241,241,1.5,0.970764711
L3_13,3,L_341,4,south,land,4,1,2019,80,Linda Weggler,NA,L3_13_2019,242,242,1.5,1.360846505
L3_13,3,L_341,4,south,land,4,1,2020,75,Katharina Beck,NA,L3_13_2020,243,243,5.5,1.934624042
L3_13,3,L_341,4,south,land,4,1,2021,70,Markus Bauer,NA,L3_13_2021,244,244,7.5,2.247487522
L3_14,3,L_344,4,south,land,4,4,2018,30,Jakob Huber,NA,L3_14_2018,245,245,1,1.484472117
L3_14,3,L_344,4,south,land,4,4,2019,70,Linda Weggler,NA,L3_14_2019,246,246,1.5,1.572208795
L3_14,3,L_344,4,south,land,4,4,2020,75,Katharina Beck,NA,L3_14_2020,247,247,3,1.565339647
L3_14,3,L_344,4,south,land,4,4,2021,70,Markus Bauer,NA,L3_14_2021,248,248,13,2.273149089
L3_15,3,L_342,4,south,land,4,2,2018,45,Jakob Huber,NA,L3_15_2018,249,249,1,1.567769488
L3_15,3,L_342,4,south,land,4,2,2019,70,Linda Weggler,NA,L3_15_2019,250,250,1.5,1.79980807
L3_15,3,L_342,4,south,land,4,2,2020,80,Katharina Beck,NA,L3_15_2020,251,251,21.5,2.123533697
L3_15,3,L_342,4,south,land,4,2,2021,80,Markus Bauer,NA,L3_15_2021,252,252,13.5,1.811413699
L3_16,3,L_343,4,south,land,4,3,2018,40,Jakob Huber,NA,L3_16_2018,253,253,1.5,1.152888966
L3_16,3,L_343,4,south,land,4,3,2019,70,Linda Weggler,NA,L3_16_2019,254,254,1,1.52405418
L3_16,3,L_343,4,south,land,4,3,2020,75,Katharina Beck,NA,L3_16_2020,255,255,5,1.564892272
L3_16,3,L_343,4,south,land,4,3,2021,70,Markus Bauer,NA,L3_16_2021,256,256,9.5,2.273481646
L3_17,3,L_353,4,south,land,5,3,2018,55,Jakob Huber,NA,L3_17_2018,257,257,2,0.867135966
L3_17,3,L_353,4,south,land,5,3,2019,85,Linda Weggler,NA,L3_17_2019,258,258,0.5,1.437420444
L3_17,3,L_353,4,south,land,5,3,2020,80,Katharina Beck,NA,L3_17_2020,259,259,3,1.488930988
L3_17,3,L_353,4,south,land,5,3,2021,70,Markus Bauer,NA,L3_17_2021,260,260,5,1.914508547
L3_18,3,L_354,4,south,land,5,4,2018,55,Jakob Huber,NA,L3_18_2018,261,261,2,0.672863696
L3_18,3,L_354,4,south,land,5,4,2019,70,Linda Weggler,NA,L3_18_2019,262,262,1,1.152434876
L3_18,3,L_354,4,south,land,5,4,2020,75,Katharina Beck,NA,L3_18_2020,263,263,1.5,0.967278243
L3_18,3,L_354,4,south,land,5,4,2021,80,Markus Bauer,NA,L3_18_2021,264,264,18.5,2.040546285
L3_19,3,L_351,4,south,land,5,1,2018,50,Jakob Huber,NA,L3_19_2018,265,265,2,0.836597281
L3_19,3,L_351,4,south,land,5,1,2019,80,Linda Weggler,NA,L3_19_2019,266,266,0.5,1.498387792
L3_19,3,L_351,4,south,land,5,1,2020,80,Katharina Beck,NA,L3_19_2020,267,267,3.5,1.223115637
L3_19,3,L_351,4,south,land,5,1,2021,80,Markus Bauer,NA,L3_19_2021,268,268,7.5,1.677446823
L3_20,3,L_352,4,south,land,5,2,2018,70,Jakob Huber,NA,L3_20_2018,269,269,1.5,0.946919618
L3_20,3,L_352,4,south,land,5,2,2019,80,Linda Weggler,NA,L3_20_2019,270,270,0.5,1.824517711
L3_20,3,L_352,4,south,land,5,2,2020,80,Katharina Beck,NA,L3_20_2020,271,271,2,1.75710396
L3_20,3,L_352,4,south,land,5,2,2021,80,Markus Bauer,NA,L3_20_2021,272,272,14,2.042979074
L3_21,3,L_361,4,south,land,6,1,2018,60,Jakob Huber,NA,L3_21_2018,273,273,4.5,1.117307209
L3_21,3,L_361,4,south,land,6,1,2019,70,Linda Weggler,NA,L3_21_2019,274,274,0.5,1.200100074
L3_21,3,L_361,4,south,land,6,1,2020,75,Katharina Beck,NA,L3_21_2020,275,275,6.5,1.403312992
L3_21,3,L_361,4,south,land,6,1,2021,70,Markus Bauer,NA,L3_21_2021,276,276,13.5,2.085117557
L3_22,3,L_364,4,south,land,6,4,2018,70,Jakob Huber,NA,L3_22_2018,277,277,1.5,0.813625047
L3_22,3,L_364,4,south,land,6,4,2019,70,Linda Weggler,NA,L3_22_2019,278,278,1,1.187660924
L3_22,3,L_364,4,south,land,6,4,2020,70,Katharina Beck,NA,L3_22_2020,279,279,1,1.531426119
L3_22,3,L_364,4,south,land,6,4,2021,70,Markus Bauer,NA,L3_22_2021,280,280,3.5,1.986523838
L3_23,3,L_362,4,south,land,6,2,2018,75,Jakob Huber,NA,L3_23_2018,281,281,1.5,0.583405953
L3_23,3,L_362,4,south,land,6,2,2019,70,Linda Weggler,NA,L3_23_2019,282,282,1.5,1.832789116
L3_23,3,L_362,4,south,land,6,2,2020,80,Katharina Beck,NA,L3_23_2020,283,283,2.5,1.724856082
L3_23,3,L_362,4,south,land,6,2,2021,70,Markus Bauer,NA,L3_23_2021,284,284,16,2.249068613
L3_24,3,L_363,4,south,land,6,3,2018,50,Jakob Huber,NA,L3_24_2018,285,285,2,0.772163403
L3_24,3,L_363,4,south,land,6,3,2019,70,Linda Weggler,NA,L3_24_2019,286,286,1.5,1.493512082
L3_24,3,L_363,4,south,land,6,3,2020,70,Katharina Beck,NA,L3_24_2020,287,287,6,1.677132393
L3_24,3,L_363,4,south,land,6,3,2021,80,Markus Bauer,NA,L3_24_2021,288,288,14,2.066414634
L4_01,4,L_413,4,south,land,1,3,2018,50,Jakob Huber,NA,L4_01_2018,289,289,0.5,0.528922425
L4_01,4,L_413,4,south,land,1,3,2019,60,Linda Weggler,NA,L4_01_2019,290,290,0.5,1.20914104
L4_01,4,L_413,4,south,land,1,3,2020,65,Katharina Beck,NA,L4_01_2020,291,291,25.5,1.449349514
L4_01,4,L_413,4,south,land,1,3,2021,80,Markus Bauer,NA,L4_01_2021,292,292,6,1.19780513
L4_02,4,L_414,4,south,land,1,4,2018,40,Jakob Huber,NA,L4_02_2018,293,293,0,1.100453326
L4_02,4,L_414,4,south,land,1,4,2019,80,Linda Weggler,NA,L4_02_2019,294,294,0.5,0.77747719
L4_02,4,L_414,4,south,land,1,4,2020,85,Katharina Beck,NA,L4_02_2020,295,295,0.5,0.464100218
L4_02,4,L_414,4,south,land,1,4,2021,70,Markus Bauer,NA,L4_02_2021,296,296,0.5,0.904504568
L4_03,4,L_412,4,south,land,1,2,2018,25,Jakob Huber,NA,L4_03_2018,297,297,0.5,1.238626522
L4_03,4,L_412,4,south,land,1,2,2019,60,Linda Weggler,NA,L4_03_2019,298,298,1.5,1.754168264
L4_03,4,L_412,4,south,land,1,2,2020,65,Katharina Beck,NA,L4_03_2020,299,299,16,1.482318452
L4_03,4,L_412,4,south,land,1,2,2021,70,Markus Bauer,NA,L4_03_2021,300,300,16,2.10419608
L4_04,4,L_411,4,south,land,1,1,2018,20,Jakob Huber,NA,L4_04_2018,301,301,1,1.052277279
L4_04,4,L_411,4,south,land,1,1,2019,60,Linda Weggler,NA,L4_04_2019,302,302,1.5,1.68764359
L4_04,4,L_411,4,south,land,1,1,2020,60,Katharina Beck,NA,L4_04_2020,303,303,31,1.563422927
L4_04,4,L_411,4,south,land,1,1,2021,70,Markus Bauer,NA,L4_04_2021,304,304,10,2.469504853
L4_05,4,L_424,4,south,land,2,4,2018,25,Jakob Huber,NA,L4_05_2018,305,305,1.5,0.76226371
L4_05,4,L_424,4,south,land,2,4,2019,60,Linda Weggler,NA,L4_05_2019,306,306,1.5,1.828138441
L4_05,4,L_424,4,south,land,2,4,2020,40,Katharina Beck,NA,L4_05_2020,307,307,11,1.893706247
L4_05,4,L_424,4,south,land,2,4,2021,50,Markus Bauer,NA,L4_05_2021,308,308,5.5,2.329574665
L4_06,4,L_421,4,south,land,2,1,2018,35,Jakob Huber,NA,L4_06_2018,309,309,1,0.585477663
L4_06,4,L_421,4,south,land,2,1,2019,60,Linda Weggler,NA,L4_06_2019,310,310,1,1.313739785
L4_06,4,L_421,4,south,land,2,1,2020,50,Katharina Beck,NA,L4_06_2020,311,311,18.5,1.750294166
L4_06,4,L_421,4,south,land,2,1,2021,60,Markus Bauer,NA,L4_06_2021,312,312,12.5,1.627502488
L4_07,4,L_423,4,south,land,2,3,2018,30,Jakob Huber,NA,L4_07_2018,313,313,1,1.188079188
L4_07,4,L_423,4,south,land,2,3,2019,60,Linda Weggler,NA,L4_07_2019,314,314,0.5,1.243212567
L4_07,4,L_423,4,south,land,2,3,2020,55,Katharina Beck,NA,L4_07_2020,315,315,17.5,1.743801586
L4_07,4,L_423,4,south,land,2,3,2021,50,Markus Bauer,NA,L4_07_2021,316,316,8.5,2.163793549
L4_08,4,L_422,4,south,land,2,2,2018,45,Jakob Huber,NA,L4_08_2018,317,317,4,0.651056966
L4_08,4,L_422,4,south,land,2,2,2019,60,Linda Weggler,NA,L4_08_2019,318,318,1,1.12543906
L4_08,4,L_422,4,south,land,2,2,2020,60,Katharina Beck,NA,L4_08_2020,319,319,1,1.031177641
L4_08,4,L_422,4,south,land,2,2,2021,60,Markus Bauer,NA,L4_08_2021,320,320,10,1.795720117
L4_09,4,L_432,4,south,land,3,2,2018,55,Jakob Huber,NA,L4_09_2018,321,321,1,0.458208238
L4_09,4,L_432,4,south,land,3,2,2019,60,Linda Weggler,NA,L4_09_2019,322,322,4,1.630654884
L4_09,4,L_432,4,south,land,3,2,2020,65,Katharina Beck,NA,L4_09_2020,323,323,30,1.489093978
L4_09,4,L_432,4,south,land,3,2,2021,70,Markus Bauer,NA,L4_09_2021,324,324,24,1.800756783
L4_10,4,L_434,4,south,land,3,4,2018,45,Jakob Huber,NA,L4_10_2018,325,325,1,0.647516831
L4_10,4,L_434,4,south,land,3,4,2019,60,Linda Weggler,NA,L4_10_2019,326,326,3.5,1.297313539
L4_10,4,L_434,4,south,land,3,4,2020,40,Katharina Beck,NA,L4_10_2020,327,327,10.5,2.053942983
L4_10,4,L_434,4,south,land,3,4,2021,70,Markus Bauer,NA,L4_10_2021,328,328,8,1.635780403
L4_11,4,L_433,4,south,land,3,3,2018,45,Jakob Huber,NA,L4_11_2018,329,329,2,0.941705013
L4_11,4,L_433,4,south,land,3,3,2019,60,Linda Weggler,NA,L4_11_2019,330,330,3,1.382357148
L4_11,4,L_433,4,south,land,3,3,2020,45,Katharina Beck,NA,L4_11_2020,331,331,30.5,1.548973069
L4_11,4,L_433,4,south,land,3,3,2021,70,Markus Bauer,NA,L4_11_2021,332,332,14.5,1.819354158
L4_12,4,L_431,4,south,land,3,1,2018,25,Jakob Huber,NA,L4_12_2018,333,333,1.5,0.793730055
L4_12,4,L_431,4,south,land,3,1,2019,40,Linda Weggler,NA,L4_12_2019,334,334,5,1.275614337
L4_12,4,L_431,4,south,land,3,1,2020,40,Katharina Beck,NA,L4_12_2020,335,335,22,1.884556692
L4_12,4,L_431,4,south,land,3,1,2021,60,Markus Bauer,NA,L4_12_2021,336,336,8.5,2.083855348
L4_13,4,L_442,4,south,land,4,2,2018,45,Jakob Huber,NA,L4_13_2018,337,337,1,0.833943042
L4_13,4,L_442,4,south,land,4,2,2019,70,Linda Weggler,NA,L4_13_2019,338,338,0.5,1.445379496
L4_13,4,L_442,4,south,land,4,2,2020,80,Katharina Beck,NA,L4_13_2020,339,339,40.5,1.622447429
L4_13,4,L_442,4,south,land,4,2,2021,80,Markus Bauer,NA,L4_13_2021,340,340,2.5,1.813434621
L4_14,4,L_443,4,south,land,4,3,2018,55,Jakob Huber,NA,L4_14_2018,341,341,1,0.745852986
L4_14,4,L_443,4,south,land,4,3,2019,70,Linda Weggler,NA,L4_14_2019,342,342,1.5,1.442120066
L4_14,4,L_443,4,south,land,4,3,2020,70,Katharina Beck,NA,L4_14_2020,343,343,18.5,1.800076467
L4_14,4,L_443,4,south,land,4,3,2021,70,Markus Bauer,NA,L4_14_2021,344,344,5.5,1.729503838
L4_15,4,L_444,4,south,land,4,4,2018,60,Jakob Huber,NA,L4_15_2018,345,345,0.5,0.623252017
L4_15,4,L_444,4,south,land,4,4,2019,80,Linda Weggler,NA,L4_15_2019,346,346,1,1.290816961
L4_15,4,L_444,4,south,land,4,4,2020,80,Katharina Beck,NA,L4_15_2020,347,347,2.5,1.132018071
L4_15,4,L_444,4,south,land,4,4,2021,90,Markus Bauer,NA,L4_15_2021,348,348,2,1.604144669
L4_16,4,L_441,4,south,land,4,1,2018,30,Jakob Huber,NA,L4_16_2018,349,349,0,0.810894944
L4_16,4,L_441,4,south,land,4,1,2019,70,Linda Weggler,NA,L4_16_2019,350,350,1.5,1.514137626
L4_16,4,L_441,4,south,land,4,1,2020,65,Katharina Beck,NA,L4_16_2020,351,351,30.5,1.67190166
L4_16,4,L_441,4,south,land,4,1,2021,90,Markus Bauer,NA,L4_16_2021,352,352,6,2.059947527
L4_17,4,L_451,4,south,land,5,1,2018,35,Jakob Huber,NA,L4_17_2018,353,353,4.5,1.446327725
L4_17,4,L_451,4,south,land,5,1,2019,65,Linda Weggler,NA,L4_17_2019,354,354,1.5,1.59909434
L4_17,4,L_451,4,south,land,5,1,2020,50,Katharina Beck,NA,L4_17_2020,355,355,21,2.000859335
L4_17,4,L_451,4,south,land,5,1,2021,70,Markus Bauer,NA,L4_17_2021,356,356,0.5,1.369282875
L4_18,4,L_452,4,south,land,5,2,2018,60,Jakob Huber,NA,L4_18_2018,357,357,1,1.004824867
L4_18,4,L_452,4,south,land,5,2,2019,70,Linda Weggler,NA,L4_18_2019,358,358,3.5,1.76040237
L4_18,4,L_452,4,south,land,5,2,2020,55,Katharina Beck,NA,L4_18_2020,359,359,23,1.767813115
L4_18,4,L_452,4,south,land,5,2,2021,70,Markus Bauer,NA,L4_18_2021,360,360,13,1.66507438
L4_19,4,L_453,4,south,land,5,3,2018,40,Jakob Huber,NA,L4_19_2018,361,361,3,0.658528399
L4_19,4,L_453,4,south,land,5,3,2019,70,Linda Weggler,NA,L4_19_2019,362,362,1,1.477214059
L4_19,4,L_453,4,south,land,5,3,2020,55,Katharina Beck,NA,L4_19_2020,363,363,32.5,2.076566027
L4_19,4,L_453,4,south,land,5,3,2021,60,Markus Bauer,NA,L4_19_2021,364,364,5,1.808991198
L4_20,4,L_454,4,south,land,5,4,2018,40,Jakob Huber,NA,L4_20_2018,365,365,1.5,0.90114591
L4_20,4,L_454,4,south,land,5,4,2019,70,Linda Weggler,NA,L4_20_2019,366,366,2.5,1.717814585
L4_20,4,L_454,4,south,land,5,4,2020,55,Katharina Beck,NA,L4_20_2020,367,367,25.5,2.036894215
L4_20,4,L_454,4,south,land,5,4,2021,70,Markus Bauer,NA,L4_20_2021,368,368,3,1.710715233
L4_21,4,L_464,4,south,land,6,4,2018,30,Jakob Huber,NA,L4_21_2018,369,369,2.5,1.318124437
L4_21,4,L_464,4,south,land,6,4,2019,60,Linda Weggler,NA,L4_21_2019,370,370,2.5,1.602808683
L4_21,4,L_464,4,south,land,6,4,2020,55,Katharina Beck,NA,L4_21_2020,371,371,23,2.207874645
L4_21,4,L_464,4,south,land,6,4,2021,70,Markus Bauer,NA,L4_21_2021,372,372,8.5,1.864706066
L4_22,4,L_461,4,south,land,6,1,2018,20,Jakob Huber,NA,L4_22_2018,373,373,10.5,1.296866457
L4_22,4,L_461,4,south,land,6,1,2019,60,Linda Weggler,NA,L4_22_2019,374,374,3,1.48742891
L4_22,4,L_461,4,south,land,6,1,2020,55,Katharina Beck,NA,L4_22_2020,375,375,30.5,1.627055153
L4_22,4,L_461,4,south,land,6,1,2021,70,Markus Bauer,NA,L4_22_2021,376,376,32,1.708976388
L4_23,4,L_462,4,south,land,6,2,2018,35,Jakob Huber,NA,L4_23_2018,377,377,5,1.309015795
L4_23,4,L_462,4,south,land,6,2,2019,60,Linda Weggler,NA,L4_23_2019,378,378,6,1.89439952
L4_23,4,L_462,4,south,land,6,2,2020,50,Katharina Beck,NA,L4_23_2020,379,379,11,1.528871125
L4_23,4,L_462,4,south,land,6,2,2021,70,Markus Bauer,NA,L4_23_2021,380,380,33.5,1.54421065
L4_24,4,L_463,4,south,land,6,3,2018,20,Jakob Huber,NA,L4_24_2018,381,381,4,0.762887894
L4_24,4,L_463,4,south,land,6,3,2019,50,Linda Weggler,NA,L4_24_2019,382,382,4,1.993573231
L4_24,4,L_463,4,south,land,6,3,2020,45,Katharina Beck,NA,L4_24_2020,383,383,28,1.647057179
L4_24,4,L_463,4,south,land,6,3,2021,70,Markus Bauer,NA,L4_24_2021,384,384,12,1.895747088
L5_01,5,L_513,4,south,land,1,3,2018,50,Simon Reith,NA,L5_01_2018,385,385,1,1.092580876
L5_01,5,L_513,4,south,land,1,3,2019,95,Markus Bauer,NA,L5_01_2019,386,386,1,0.87906682
L5_01,5,L_513,4,south,land,1,3,2020,80,Jakob Huber,NA,L5_01_2020,387,387,4,1.485625761
L5_01,5,L_513,4,south,land,1,3,2021,80,Markus Bauer,NA,L5_01_2021,388,388,4,1.211205691
L5_02,5,L_511,4,south,land,1,1,2018,20,Simon Reith,NA,L5_02_2018,389,389,1,1.26574742
L5_02,5,L_511,4,south,land,1,1,2019,60,Markus Bauer,NA,L5_02_2019,390,390,12.5,1.571582825
L5_02,5,L_511,4,south,land,1,1,2020,70,Jakob Huber,NA,L5_02_2020,391,391,3,1.188912251
L5_02,5,L_511,4,south,land,1,1,2021,60,Markus Bauer,NA,L5_02_2021,392,392,15,1.899156135
L5_03,5,L_514,4,south,land,1,4,2018,15,Simon Reith,NA,L5_03_2018,393,393,1.5,1.63086786
L5_03,5,L_514,4,south,land,1,4,2019,50,Markus Bauer,NA,L5_03_2019,394,394,3,1.249277475
L5_03,5,L_514,4,south,land,1,4,2020,60,Jakob Huber,NA,L5_03_2020,395,395,2.5,1.473049601
L5_03,5,L_514,4,south,land,1,4,2021,50,Markus Bauer,NA,L5_03_2021,396,396,12,2.050979901
L5_04,5,L_512,4,south,land,1,2,2018,15,Simon Reith,NA,L5_04_2018,397,397,1,0.853190306
L5_04,5,L_512,4,south,land,1,2,2019,50,Markus Bauer,NA,L5_04_2019,398,398,4.5,1.089441621
L5_04,5,L_512,4,south,land,1,2,2020,60,Jakob Huber,NA,L5_04_2020,399,399,1,1.502171397
L5_04,5,L_512,4,south,land,1,2,2021,70,Markus Bauer,NA,L5_04_2021,400,400,10.5,2.01739621
L5_05,5,L_522,4,south,land,2,2,2018,10,Simon Reith,NA,L5_05_2018,401,401,1.5,0.953687097
L5_05,5,L_522,4,south,land,2,2,2019,60,Markus Bauer,NA,L5_05_2019,402,402,1,0.843375266
L5_05,5,L_522,4,south,land,2,2,2020,65,Jakob Huber,NA,L5_05_2020,403,403,1,1.322843855
L5_05,5,L_522,4,south,land,2,2,2021,70,Markus Bauer,NA,L5_05_2021,404,404,6,1.913347522
L5_06,5,L_523,4,south,land,2,3,2018,15,Simon Reith,NA,L5_06_2018,405,405,1,1.615367044
L5_06,5,L_523,4,south,land,2,3,2019,70,Markus Bauer,NA,L5_06_2019,406,406,0.5,0.995131944
L5_06,5,L_523,4,south,land,2,3,2020,70,Jakob Huber,NA,L5_06_2020,407,407,1,1.127883908
L5_06,5,L_523,4,south,land,2,3,2021,60,Markus Bauer,NA,L5_06_2021,408,408,8,1.732722817
L5_07,5,L_524,4,south,land,2,4,2018,20,Simon Reith,NA,L5_07_2018,409,409,2,1.415971403
L5_07,5,L_524,4,south,land,2,4,2019,55,Markus Bauer,NA,L5_07_2019,410,410,4.5,1.191176177
L5_07,5,L_524,4,south,land,2,4,2020,70,Jakob Huber,NA,L5_07_2020,411,411,3.5,1.655447024
L5_07,5,L_524,4,south,land,2,4,2021,70,Markus Bauer,NA,L5_07_2021,412,412,12.5,2.247487522
L5_08,5,L_521,4,south,land,2,1,2018,15,Simon Reith,NA,L5_08_2018,413,413,1.5,1.55117792
L5_08,5,L_521,4,south,land,2,1,2019,85,Markus Bauer,NA,L5_08_2019,414,414,1.5,1.394581229
L5_08,5,L_521,4,south,land,2,1,2020,80,Jakob Huber,NA,L5_08_2020,415,415,1.5,1.878460345
L5_08,5,L_521,4,south,land,2,1,2021,80,Markus Bauer,NA,L5_08_2021,416,416,10,2.025834555
L5_09,5,L_532,4,south,land,3,2,2018,30,Simon Reith,NA,L5_09_2018,417,417,0.5,0.672864866
L5_09,5,L_532,4,south,land,3,2,2019,30,Markus Bauer,NA,L5_09_2019,418,418,16,1.714244359
L5_09,5,L_532,4,south,land,3,2,2020,55,Jakob Huber,NA,L5_09_2020,419,419,35.5,1.862251504
L5_09,5,L_532,4,south,land,3,2,2021,50,Markus Bauer,NA,L5_09_2021,420,420,15.5,2.502277678
L5_10,5,L_534,4,south,land,3,4,2018,40,Simon Reith,NA,L5_10_2018,421,421,1.5,1.022831525
L5_10,5,L_534,4,south,land,3,4,2019,80,Markus Bauer,NA,L5_10_2019,422,422,6.5,0.503024212
L5_10,5,L_534,4,south,land,3,4,2020,70,Jakob Huber,NA,L5_10_2020,423,423,12.5,1.815667419
L5_10,5,L_534,4,south,land,3,4,2021,80,Markus Bauer,NA,L5_10_2021,424,424,6,1.788653839
L5_11,5,L_533,4,south,land,3,3,2018,40,Simon Reith,NA,L5_11_2018,425,425,1,0.737210256
L5_11,5,L_533,4,south,land,3,3,2019,45,Markus Bauer,NA,L5_11_2019,426,426,4.5,0.699542787
L5_11,5,L_533,4,south,land,3,3,2020,80,Jakob Huber,NA,L5_11_2020,427,427,23,2.181807921
L5_11,5,L_533,4,south,land,3,3,2021,80,Markus Bauer,NA,L5_11_2021,428,428,3.5,1.750349509
L5_12,5,L_531,4,south,land,3,1,2018,35,Simon Reith,NA,L5_12_2018,429,429,1.5,1.046639924
L5_12,5,L_531,4,south,land,3,1,2019,45,Markus Bauer,NA,L5_12_2019,430,430,4.5,0.742912097
L5_12,5,L_531,4,south,land,3,1,2020,80,Jakob Huber,NA,L5_12_2020,431,431,31,1.846213047
L5_12,5,L_531,4,south,land,3,1,2021,80,Markus Bauer,NA,L5_12_2021,432,432,12,1.516516725
L5_13,5,L_541,4,south,land,4,1,2018,40,Simon Reith,NA,L5_13_2018,433,433,1.5,0.78291366
L5_13,5,L_541,4,south,land,4,1,2019,85,Markus Bauer,NA,L5_13_2019,434,434,11,1.412539384
L5_13,5,L_541,4,south,land,4,1,2020,80,Jakob Huber,NA,L5_13_2020,435,435,5,1.23908819
L5_13,5,L_541,4,south,land,4,1,2021,70,Markus Bauer,NA,L5_13_2021,436,436,15,2.273312838
L5_14,5,L_544,4,south,land,4,4,2018,25,Simon Reith,NA,L5_14_2018,437,437,0.5,0.979261885
L5_14,5,L_544,4,south,land,4,4,2019,90,Markus Bauer,NA,L5_14_2019,438,438,3,0.591586264
L5_14,5,L_544,4,south,land,4,4,2020,80,Jakob Huber,NA,L5_14_2020,439,439,3,1.337499413
L5_14,5,L_544,4,south,land,4,4,2021,80,Markus Bauer,NA,L5_14_2021,440,440,6,1.653693899
L5_15,5,L_543,4,south,land,4,3,2018,30,Simon Reith,NA,L5_15_2018,441,441,2.5,1.079828382
L5_15,5,L_543,4,south,land,4,3,2019,75,Markus Bauer,NA,L5_15_2019,442,442,10.5,1.293137832
L5_15,5,L_543,4,south,land,4,3,2020,80,Jakob Huber,NA,L5_15_2020,443,443,7,1.94047496
L5_15,5,L_543,4,south,land,4,3,2021,70,Markus Bauer,NA,L5_15_2021,444,444,4,2.186253127
L5_16,5,L_542,4,south,land,4,2,2018,15,Simon Reith,NA,L5_16_2018,445,445,0.5,1.219203284
L5_16,5,L_542,4,south,land,4,2,2019,70,Markus Bauer,NA,L5_16_2019,446,446,10.5,1.326600588
L5_16,5,L_542,4,south,land,4,2,2020,80,Jakob Huber,NA,L5_16_2020,447,447,4.5,1.460145341
L5_16,5,L_542,4,south,land,4,2,2021,70,Markus Bauer,NA,L5_16_2021,448,448,13,1.968761517
L5_17,5,L_551,4,south,land,5,1,2018,50,Simon Reith,NA,L5_17_2018,449,449,0.5,0.216342643
L5_17,5,L_551,4,south,land,5,1,2019,85,Markus Bauer,NA,L5_17_2019,450,450,3.5,0.849398435
L5_17,5,L_551,4,south,land,5,1,2020,85,Jakob Huber,NA,L5_17_2020,451,451,11,1.571756806
L5_17,5,L_551,4,south,land,5,1,2021,60,Markus Bauer,NA,L5_17_2021,452,452,13,2.127722417
L5_18,5,L_553,4,south,land,5,3,2018,50,Simon Reith,NA,L5_18_2018,453,453,0,0.216342643
L5_18,5,L_553,4,south,land,5,3,2019,85,Markus Bauer,NA,L5_18_2019,454,454,5,0.967736202
L5_18,5,L_553,4,south,land,5,3,2020,75,Jakob Huber,NA,L5_18_2020,455,455,5,1.422486684
L5_18,5,L_553,4,south,land,5,3,2021,70,Markus Bauer,NA,L5_18_2021,456,456,6,1.59653899
L5_19,5,L_552,4,south,land,5,2,2018,45,Simon Reith,NA,L5_19_2018,457,457,1.5,0.621371821
L5_19,5,L_552,4,south,land,5,2,2019,75,Markus Bauer,NA,L5_19_2019,458,458,3.5,1.007399593
L5_19,5,L_552,4,south,land,5,2,2020,75,Jakob Huber,NA,L5_19_2020,459,459,2,1.39379771
L5_19,5,L_552,4,south,land,5,2,2021,80,Markus Bauer,NA,L5_19_2021,460,460,6.5,1.322036374
L5_20,5,L_554,4,south,land,5,4,2018,70,Simon Reith,NA,L5_20_2018,461,461,1,0.462634593
L5_20,5,L_554,4,south,land,5,4,2019,90,Markus Bauer,NA,L5_20_2019,462,462,4,1.419451853
L5_20,5,L_554,4,south,land,5,4,2020,80,Jakob Huber,NA,L5_20_2020,463,463,2.5,1.808123223
L5_20,5,L_554,4,south,land,5,4,2021,70,Markus Bauer,NA,L5_20_2021,464,464,6,1.533863564
L5_21,5,L_563,4,south,land,6,3,2018,70,Simon Reith,NA,L5_21_2018,465,465,1.5,0.638599764
L5_21,5,L_563,4,south,land,6,3,2019,70,Markus Bauer,NA,L5_21_2019,466,466,0.5,0.83969997
L5_21,5,L_563,4,south,land,6,3,2020,75,Jakob Huber,NA,L5_21_2020,467,467,1.5,1.12561473
L5_21,5,L_563,4,south,land,6,3,2021,70,Markus Bauer,NA,L5_21_2021,468,468,6,1.685908351
L5_22,5,L_561,4,south,land,6,1,2018,60,Simon Reith,NA,L5_22_2018,469,469,1.5,0.507684208
L5_22,5,L_561,4,south,land,6,1,2019,55,Markus Bauer,NA,L5_22_2019,470,470,4,0.6469541
L5_22,5,L_561,4,south,land,6,1,2020,65,Jakob Huber,NA,L5_22_2020,471,471,16.5,1.325693746
L5_22,5,L_561,4,south,land,6,1,2021,70,Markus Bauer,NA,L5_22_2021,472,472,9,2.108601252
L5_23,5,L_564,4,south,land,6,4,2018,40,Simon Reith,NA,L5_23_2018,473,473,1,0.90114591
L5_23,5,L_564,4,south,land,6,4,2019,75,Markus Bauer,NA,L5_23_2019,474,474,5.5,0.849775826
L5_23,5,L_564,4,south,land,6,4,2020,80,Jakob Huber,NA,L5_23_2020,475,475,31,1.506240809
L5_23,5,L_564,4,south,land,6,4,2021,70,Markus Bauer,NA,L5_23_2021,476,476,36,1.852187879
L5_24,5,L_562,4,south,land,6,2,2018,35,Simon Reith,NA,L5_24_2018,477,477,1.5,0.715399028
L5_24,5,L_562,4,south,land,6,2,2019,40,Markus Bauer,NA,L5_24_2019,478,478,6.5,1.451781086
L5_24,5,L_562,4,south,land,6,2,2020,60,Jakob Huber,NA,L5_24_2020,479,479,4.5,1.828393205
L5_24,5,L_562,4,south,land,6,2,2021,70,Markus Bauer,NA,L5_24_2021,480,480,24,1.681578423
L6_01,6,L_614,4,south,land,1,4,2018,10,Simon Reith,NA,L6_01_2018,481,481,1.5,1.541994188
L6_01,6,L_614,4,south,land,1,4,2019,50,Markus Bauer,NA,L6_01_2019,482,482,3,1.233502265
L6_01,6,L_614,4,south,land,1,4,2020,70,Katharina Beck,NA,L6_01_2020,483,483,38,2.385013945
L6_01,6,L_614,4,south,land,1,4,2021,80,Markus Bauer,NA,L6_01_2021,484,484,25,2.269312328
L6_02,6,L_612,4,south,land,1,2,2018,10,Simon Reith,NA,L6_02_2018,485,485,2,1.783018303
L6_02,6,L_612,4,south,land,1,2,2019,45,Markus Bauer,NA,L6_02_2019,486,486,2.5,2.104597924
L6_02,6,L_612,4,south,land,1,2,2020,55,Katharina Beck,NA,L6_02_2020,487,487,35.5,2.194323216
L6_02,6,L_612,4,south,land,1,2,2021,70,Markus Bauer,NA,L6_02_2021,488,488,11.5,2.369928022
L6_03,6,L_613,4,south,land,1,3,2018,55,Simon Reith,NA,L6_03_2018,489,489,1,0.643998446
L6_03,6,L_613,4,south,land,1,3,2019,65,Markus Bauer,NA,L6_03_2019,490,490,1,1.297537223
L6_03,6,L_613,4,south,land,1,3,2020,70,Katharina Beck,NA,L6_03_2020,491,491,2.5,0.960090068
L6_03,6,L_613,4,south,land,1,3,2021,70,Markus Bauer,NA,L6_03_2021,492,492,4,1.686948187
L6_04,6,L_611,4,south,land,1,1,2018,30,Simon Reith,NA,L6_04_2018,493,493,3.5,1.671378782
L6_04,6,L_611,4,south,land,1,1,2019,45,Markus Bauer,NA,L6_04_2019,494,494,1,1.960188991
L6_04,6,L_611,4,south,land,1,1,2020,60,Katharina Beck,NA,L6_04_2020,495,495,21,2.442299653
L6_04,6,L_611,4,south,land,1,1,2021,70,Markus Bauer,NA,L6_04_2021,496,496,8,2.311240451
L6_05,6,L_623,4,south,land,2,3,2018,25,Simon Reith,NA,L6_05_2018,497,497,1,1.489591675
L6_05,6,L_623,4,south,land,2,3,2019,50,Linda Weggler,NA,L6_05_2019,498,498,2,2.111226779
L6_05,6,L_623,4,south,land,2,3,2020,55,Katharina Beck,NA,L6_05_2020,499,499,12.5,2.519136562
L6_05,6,L_623,4,south,land,2,3,2021,50,Markus Bauer,NA,L6_05_2021,500,500,6,1.920502431
L6_06,6,L_624,4,south,land,2,4,2018,40,Simon Reith,NA,L6_06_2018,501,501,1,0.89110982
L6_06,6,L_624,4,south,land,2,4,2019,60,Linda Weggler,NA,L6_06_2019,502,502,1,1.482821866
L6_06,6,L_624,4,south,land,2,4,2020,60,Katharina Beck,NA,L6_06_2020,503,503,15.5,2.25217017
L6_06,6,L_624,4,south,land,2,4,2021,60,Markus Bauer,NA,L6_06_2021,504,504,5,2.00158539
L6_07,6,L_621,4,south,land,2,1,2018,20,Simon Reith,NA,L6_07_2018,505,505,4,1.089642825
L6_07,6,L_621,4,south,land,2,1,2019,60,Linda Weggler,NA,L6_07_2019,506,506,1.5,1.215516934
L6_07,6,L_621,4,south,land,2,1,2020,65,Katharina Beck,NA,L6_07_2020,507,507,16,2.093617587
L6_07,6,L_621,4,south,land,2,1,2021,60,Markus Bauer,NA,L6_07_2021,508,508,4.5,2.012522895
L6_08,6,L_622,4,south,land,2,2,2018,15,Simon Reith,NA,L6_08_2018,509,509,4,1.15446455
L6_08,6,L_622,4,south,land,2,2,2019,60,Linda Weggler,NA,L6_08_2019,510,510,1,1.213124205
L6_08,6,L_622,4,south,land,2,2,2020,70,Katharina Beck,NA,L6_08_2020,511,511,11.5,1.946036667
L6_08,6,L_622,4,south,land,2,2,2021,70,Markus Bauer,NA,L6_08_2021,512,512,3,1.734470318
L6_09,6,L_631,4,south,land,3,1,2018,50,Simon Reith,NA,L6_09_2018,513,513,2,0.399629841
L6_09,6,L_631,4,south,land,3,1,2019,40,Linda Weggler,NA,L6_09_2019,514,514,7,2.502480597
L6_09,6,L_631,4,south,land,3,1,2020,65,Katharina Beck,NA,L6_09_2020,515,515,11,1.978612292
L6_09,6,L_631,4,south,land,3,1,2021,60,Markus Bauer,NA,L6_09_2021,516,516,14.5,2.214843792
L6_10,6,L_633,4,south,land,3,3,2018,70,Simon Reith,NA,L6_10_2018,517,517,3,0.59584057
L6_10,6,L_633,4,south,land,3,3,2019,85,Linda Weggler,NA,L6_10_2019,518,518,0.5,0.525764618
L6_10,6,L_633,4,south,land,3,3,2020,85,Katharina Beck,NA,L6_10_2020,519,519,0.5,0.834907117
L6_10,6,L_633,4,south,land,3,3,2021,70,Markus Bauer,NA,L6_10_2021,520,520,2.5,1.805989044
L6_11,6,L_632,4,south,land,3,2,2018,20,Simon Reith,NA,L6_11_2018,521,521,3.5,1.51485604
L6_11,6,L_632,4,south,land,3,2,2019,60,Linda Weggler,NA,L6_11_2019,522,522,1.5,1.775276498
L6_11,6,L_632,4,south,land,3,2,2020,65,Katharina Beck,NA,L6_11_2020,523,523,23,2.154216675
L6_11,6,L_632,4,south,land,3,2,2021,70,Markus Bauer,NA,L6_11_2021,524,524,6.5,1.9769012
L6_12,6,L_634,4,south,land,3,4,2018,70,Simon Reith,NA,L6_12_2018,525,525,1.5,0.499035847
L6_12,6,L_634,4,south,land,3,4,2019,85,Linda Weggler,NA,L6_12_2019,526,526,1.5,0.681271165
L6_12,6,L_634,4,south,land,3,4,2020,80,Katharina Beck,NA,L6_12_2020,527,527,4.5,1.069390855
L6_12,6,L_634,4,south,land,3,4,2021,70,Markus Bauer,NA,L6_12_2021,528,528,2.5,1.604974584
L6_13,6,L_644,4,south,land,4,4,2018,25,Simon Reith,NA,L6_13_2018,529,529,0.5,1.836032411
L6_13,6,L_644,4,south,land,4,4,2019,70,Linda Weggler,NA,L6_13_2019,530,530,1,1.145995327
L6_13,6,L_644,4,south,land,4,4,2020,65,Katharina Beck,NA,L6_13_2020,531,531,25,2.112575366
L6_13,6,L_644,4,south,land,4,4,2021,70,Markus Bauer,NA,L6_13_2021,532,532,4.5,1.657182011
L6_14,6,L_642,4,south,land,4,2,2018,20,Simon Reith,NA,L6_14_2018,533,533,1.5,1.685067407
L6_14,6,L_642,4,south,land,4,2,2019,60,Linda Weggler,NA,L6_14_2019,534,534,1.5,1.111203165
L6_14,6,L_642,4,south,land,4,2,2020,55,Katharina Beck,NA,L6_14_2020,535,535,13.5,2.013965974
L6_14,6,L_642,4,south,land,4,2,2021,70,Markus Bauer,NA,L6_14_2021,536,536,15,2.138424692
L6_15,6,L_641,4,south,land,4,1,2018,20,Simon Reith,NA,L6_15_2018,537,537,0,1.449037626
L6_15,6,L_641,4,south,land,4,1,2019,60,Linda Weggler,NA,L6_15_2019,538,538,1,1.527097625
L6_15,6,L_641,4,south,land,4,1,2020,75,Katharina Beck,NA,L6_15_2020,539,539,18,2.263292601
L6_15,6,L_641,4,south,land,4,1,2021,70,Markus Bauer,NA,L6_15_2021,540,540,6,1.730990364
L6_16,6,L_643,4,south,land,4,3,2018,25,Simon Reith,NA,L6_16_2018,541,541,3.5,1.768559249
L6_16,6,L_643,4,south,land,4,3,2019,60,Linda Weggler,NA,L6_16_2019,542,542,4,2.35247184
L6_16,6,L_643,4,south,land,4,3,2020,80,Katharina Beck,NA,L6_16_2020,543,543,8,1.856395623
L6_16,6,L_643,4,south,land,4,3,2021,70,Markus Bauer,NA,L6_16_2021,544,544,6,2.427345545
L6_17,6,L_651,4,south,land,5,1,2018,20,Simon Reith,NA,L6_17_2018,545,545,1,1.246829642
L6_17,6,L_651,4,south,land,5,1,2019,60,Linda Weggler,NA,L6_17_2019,546,546,1.5,2.259987045
L6_17,6,L_651,4,south,land,5,1,2020,70,Katharina Beck,NA,L6_17_2020,547,547,30.5,2.068617367
L6_17,6,L_651,4,south,land,5,1,2021,70,Markus Bauer,NA,L6_17_2021,548,548,14,2.083457824
L6_18,6,L_654,4,south,land,5,4,2018,20,Simon Reith,NA,L6_18_2018,549,549,1.5,2.504419064
L6_18,6,L_654,4,south,land,5,4,2019,60,Linda Weggler,NA,L6_18_2019,550,550,1,2.146577502
L6_18,6,L_654,4,south,land,5,4,2020,65,Katharina Beck,NA,L6_18_2020,551,551,28,2.288214021
L6_18,6,L_654,4,south,land,5,4,2021,70,Markus Bauer,NA,L6_18_2021,552,552,8,2.104465687
L6_19,6,L_652,4,south,land,5,2,2018,25,Simon Reith,NA,L6_19_2018,553,553,4,1.678081744
L6_19,6,L_652,4,south,land,5,2,2019,60,Linda Weggler,NA,L6_19_2019,554,554,1.5,1.860445957
L6_19,6,L_652,4,south,land,5,2,2020,60,Katharina Beck,NA,L6_19_2020,555,555,24.5,2.01141639
L6_19,6,L_652,4,south,land,5,2,2021,70,Markus Bauer,NA,L6_19_2021,556,556,14.5,2.221347716
L6_20,6,L_653,4,south,land,5,3,2018,35,Simon Reith,NA,L6_20_2018,557,557,4.5,2.182995977
L6_20,6,L_653,4,south,land,5,3,2019,70,Linda Weggler,NA,L6_20_2019,558,558,1,1.297420666
L6_20,6,L_653,4,south,land,5,3,2020,65,Katharina Beck,NA,L6_20_2020,559,559,18.5,2.082546297
L6_20,6,L_653,4,south,land,5,3,2021,60,Markus Bauer,NA,L6_20_2021,560,560,8,1.826446015
L6_21,6,L_663,4,south,land,6,3,2018,75,Simon Reith,NA,L6_21_2018,561,561,1.5,0.467447096
L6_21,6,L_663,4,south,land,6,3,2019,80,Linda Weggler,NA,L6_21_2019,562,562,1.5,1.226815194
L6_21,6,L_663,4,south,land,6,3,2020,70,Katharina Beck,NA,L6_21_2020,563,563,30,2.175475501
L6_21,6,L_663,4,south,land,6,3,2021,80,Markus Bauer,NA,L6_21_2021,564,564,22,1.869450288
L6_22,6,L_662,4,south,land,6,2,2018,75,Simon Reith,NA,L6_22_2018,565,565,1,0.467447096
L6_22,6,L_662,4,south,land,6,2,2019,70,Linda Weggler,NA,L6_22_2019,566,566,1,1.125465489
L6_22,6,L_662,4,south,land,6,2,2020,60,Katharina Beck,NA,L6_22_2020,567,567,33.5,2.000921789
L6_22,6,L_662,4,south,land,6,2,2021,80,Markus Bauer,NA,L6_22_2021,568,568,20.5,2.05264845
L6_23,6,L_664,4,south,land,6,4,2018,80,Simon Reith,NA,L6_23_2018,569,569,1.5,0.581379931
L6_23,6,L_664,4,south,land,6,4,2019,90,Linda Weggler,NA,L6_23_2019,570,570,0.5,0.783037361
L6_23,6,L_664,4,south,land,6,4,2020,70,Katharina Beck,NA,L6_23_2020,571,571,2,1.150738158
L6_23,6,L_664,4,south,land,6,4,2021,80,Markus Bauer,NA,L6_23_2021,572,572,2.5,1.354275777
L6_24,6,L_661,4,south,land,6,1,2018,60,Simon Reith,NA,L6_24_2018,573,573,3.5,0.962495268
L6_24,6,L_661,4,south,land,6,1,2019,70,Linda Weggler,NA,L6_24_2019,574,574,1,1.607573781
L6_24,6,L_661,4,south,land,6,1,2020,60,Katharina Beck,NA,L6_24_2020,575,575,20.5,1.902922788
L6_24,6,L_661,4,south,land,6,1,2021,80,Markus Bauer,NA,L6_24_2021,576,576,24,2.154266965
W1_01,1,W_113,4,north,water,1,3,2018,70,Simon Reith,NA,W1_01_2018,577,577,0.5,0.672197361
W1_01,1,W_113,4,north,water,1,3,2019,70,Jakob Huber,181,W1_01_2019,578,578,17,2.080451019
W1_01,1,W_113,4,north,water,1,3,2020,90,Katharina Beck,NA,W1_01_2020,579,579,67,2.252992208
W1_01,1,W_113,4,north,water,1,3,2021,100,Markus Bauer,NA,W1_01_2021,580,580,76.5,2.67281986
W1_02,1,W_114,4,north,water,1,4,2018,60,Simon Reith,NA,W1_02_2018,581,581,0,0.605781423
W1_02,1,W_114,4,north,water,1,4,2019,85,Jakob Huber,1180,W1_02_2019,582,582,5.5,1.881752059
W1_02,1,W_114,4,north,water,1,4,2020,90,Katharina Beck,NA,W1_02_2020,583,583,23.5,2.042609152
W1_02,1,W_114,4,north,water,1,4,2021,100,Markus Bauer,NA,W1_02_2021,584,584,75,2.691398206
W1_03,1,W_111,4,north,water,1,1,2018,65,Simon Reith,NA,W1_03_2018,585,585,0,0.608651174
W1_03,1,W_111,4,north,water,1,1,2019,90,Jakob Huber,313,W1_03_2019,586,586,9.5,2.358412383
W1_03,1,W_111,4,north,water,1,1,2020,90,Katharina Beck,NA,W1_03_2020,587,587,38,2.516989363
W1_03,1,W_111,4,north,water,1,1,2021,100,Markus Bauer,NA,W1_03_2021,588,588,58.5,2.423708104
W1_04,1,W_112,4,north,water,1,2,2018,65,Simon Reith,NA,W1_04_2018,589,589,0.5,0.645606006
W1_04,1,W_112,4,north,water,1,2,2019,85,Jakob Huber,299,W1_04_2019,590,590,16.5,1.985391349
W1_04,1,W_112,4,north,water,1,2,2020,90,Katharina Beck,NA,W1_04_2020,591,591,33.5,2.231777891
W1_04,1,W_112,4,north,water,1,2,2021,100,Markus Bauer,NA,W1_04_2021,592,592,27.5,1.947014728
W1_05,1,W_122,4,north,water,2,2,2018,60,Simon Reith,NA,W1_05_2018,593,593,1,1.167700966
W1_05,1,W_122,4,north,water,2,2,2019,85,Jakob Huber,203,W1_05_2019,594,594,4.5,2.065189507
W1_05,1,W_122,4,north,water,2,2,2020,80,Katharina Beck,NA,W1_05_2020,595,595,17.5,1.805589532
W1_05,1,W_122,4,north,water,2,2,2021,100,Markus Bauer,NA,W1_05_2021,596,596,14,2.561893634
W1_06,1,W_124,4,north,water,2,4,2018,60,Simon Reith,NA,W1_06_2018,597,597,2,1.005347555
W1_06,1,W_124,4,north,water,2,4,2019,90,Jakob Huber,411,W1_06_2019,598,598,3,1.528511159
W1_06,1,W_124,4,north,water,2,4,2020,95,Katharina Beck,NA,W1_06_2020,599,599,22.5,2.202607283
W1_06,1,W_124,4,north,water,2,4,2021,100,Markus Bauer,NA,W1_06_2021,600,600,29,2.830045177
W1_07,1,W_121,4,north,water,2,1,2018,50,Simon Reith,NA,W1_07_2018,601,601,1,0.968407204
W1_07,1,W_121,4,north,water,2,1,2019,75,Jakob Huber,201,W1_07_2019,602,602,3,2.121879729
W1_07,1,W_121,4,north,water,2,1,2020,85,Katharina Beck,NA,W1_07_2020,603,603,56.5,2.287052853
W1_07,1,W_121,4,north,water,2,1,2021,100,Markus Bauer,NA,W1_07_2021,604,604,49.5,2.581947613
W1_08,1,W_123,4,north,water,2,3,2018,45,Simon Reith,NA,W1_08_2018,605,605,1,1.345513233
W1_08,1,W_123,4,north,water,2,3,2019,85,Jakob Huber,203,W1_08_2019,606,606,2,2.441975122
W1_08,1,W_123,4,north,water,2,3,2020,75,Katharina Beck,NA,W1_08_2020,607,607,27.5,2.647038788
W1_08,1,W_123,4,north,water,2,3,2021,90,Markus Bauer,NA,W1_08_2021,608,608,17.5,2.857118663
W1_09,1,W_134,4,north,water,3,4,2018,50,Simon Reith,NA,W1_09_2018,609,609,1,1.345513233
W1_09,1,W_134,4,north,water,3,4,2019,85,Jakob Huber,244,W1_09_2019,610,610,3,1.839464211
W1_09,1,W_134,4,north,water,3,4,2020,70,Katharina Beck,NA,W1_09_2020,611,611,25.5,2.928480402
W1_09,1,W_134,4,north,water,3,4,2021,90,Markus Bauer,NA,W1_09_2021,612,612,24.5,2.841889275
W1_10,1,W_132,4,north,water,3,2,2018,60,Simon Reith,NA,W1_10_2018,613,613,1,1.432841238
W1_10,1,W_132,4,north,water,3,2,2019,75,Jakob Huber,150,W1_10_2019,614,614,3.5,1.489024903
W1_10,1,W_132,4,north,water,3,2,2020,85,Katharina Beck,NA,W1_10_2020,615,615,40,2.476631488
W1_10,1,W_132,4,north,water,3,2,2021,90,Markus Bauer,NA,W1_10_2021,616,616,12.5,2.398632716
W1_11,1,W_133,4,north,water,3,3,2018,50,Simon Reith,NA,W1_11_2018,617,617,0.5,0.968407204
W1_11,1,W_133,4,north,water,3,3,2019,75,Jakob Huber,267,W1_11_2019,618,618,3,2.48180102
W1_11,1,W_133,4,north,water,3,3,2020,90,Katharina Beck,NA,W1_11_2020,619,619,26,2.320872838
W1_11,1,W_133,4,north,water,3,3,2021,80,Markus Bauer,NA,W1_11_2021,620,620,11,2.15996771
W1_12,1,W_131,4,north,water,3,1,2018,45,Simon Reith,NA,W1_12_2018,621,621,1,1.044097104
W1_12,1,W_131,4,north,water,3,1,2019,65,Jakob Huber,127,W1_12_2019,622,622,12.5,2.630887604
W1_12,1,W_131,4,north,water,3,1,2020,65,Katharina Beck,NA,W1_12_2020,623,623,34.5,2.557734625
W1_12,1,W_131,4,north,water,3,1,2021,90,Markus Bauer,NA,W1_12_2021,624,624,23,2.675623152
W1_13,1,W_141,4,north,water,4,1,2018,65,Simon Reith,NA,W1_13_2018,625,625,0.5,0.612737339
W1_13,1,W_141,4,north,water,4,1,2019,75,Jakob Huber,383,W1_13_2019,626,626,2.5,1.864303718
W1_13,1,W_141,4,north,water,4,1,2020,70,Katharina Beck,NA,W1_13_2020,627,627,33.5,2.723147609
W1_13,1,W_141,4,north,water,4,1,2021,80,Markus Bauer,NA,W1_13_2021,628,628,6.5,2.337461678
W1_14,1,W_143,4,north,water,4,3,2018,65,Simon Reith,NA,W1_14_2018,629,629,0.5,0.382103584
W1_14,1,W_143,4,north,water,4,3,2019,70,Jakob Huber,154,W1_14_2019,630,630,5,2.262274412
W1_14,1,W_143,4,north,water,4,3,2020,75,Katharina Beck,NA,W1_14_2020,631,631,33.5,2.475731367
W1_14,1,W_143,4,north,water,4,3,2021,90,Markus Bauer,NA,W1_14_2021,632,632,11.5,2.728826553
W1_15,1,W_144,4,north,water,4,4,2018,50,Simon Reith,NA,W1_15_2018,633,633,0,0.744169419
W1_15,1,W_144,4,north,water,4,4,2019,70,Jakob Huber,103,W1_15_2019,634,634,5.5,2.666955362
W1_15,1,W_144,4,north,water,4,4,2020,70,Katharina Beck,NA,W1_15_2020,635,635,36.5,2.412968044
W1_15,1,W_144,4,north,water,4,4,2021,80,Markus Bauer,NA,W1_15_2021,636,636,23.5,2.487533645
W1_16,1,W_142,4,north,water,4,2,2018,50,Simon Reith,NA,W1_16_2018,637,637,1.5,0.796980633
W1_16,1,W_142,4,north,water,4,2,2019,80,Jakob Huber,185,W1_16_2019,638,638,6.5,2.56074423
W1_16,1,W_142,4,north,water,4,2,2020,70,Katharina Beck,NA,W1_16_2020,639,639,28,2.847643718
W1_16,1,W_142,4,north,water,4,2,2021,90,Markus Bauer,NA,W1_16_2021,640,640,17.5,2.9626408
W1_17,1,W_153,4,north,water,5,3,2018,40,Simon Reith,NA,W1_17_2018,641,641,1,1.034838583
W1_17,1,W_153,4,north,water,5,3,2019,70,Jakob Huber,220,W1_17_2019,642,642,2,2.632675888
W1_17,1,W_153,4,north,water,5,3,2020,80,Katharina Beck,NA,W1_17_2020,643,643,39.5,2.997817873
W1_17,1,W_153,4,north,water,5,3,2021,90,Markus Bauer,NA,W1_17_2021,644,644,28.5,2.747398023
W1_18,1,W_154,4,north,water,5,4,2018,35,Simon Reith,NA,W1_18_2018,645,645,1,1.514807159
W1_18,1,W_154,4,north,water,5,4,2019,75,Jakob Huber,147,W1_18_2019,646,646,7.5,2.160351269
W1_18,1,W_154,4,north,water,5,4,2020,90,Katharina Beck,NA,W1_18_2020,647,647,39,2.749781354
W1_18,1,W_154,4,north,water,5,4,2021,90,Markus Bauer,NA,W1_18_2021,648,648,9,1.627792097
W1_19,1,W_151,4,north,water,5,1,2018,30,Simon Reith,NA,W1_19_2018,649,649,1,1.653604002
W1_19,1,W_151,4,north,water,5,1,2019,80,Jakob Huber,86,W1_19_2019,650,650,3,1.781351698
W1_19,1,W_151,4,north,water,5,1,2020,60,Katharina Beck,NA,W1_19_2020,651,651,26.5,2.957469728
W1_19,1,W_151,4,north,water,5,1,2021,90,Markus Bauer,NA,W1_19_2021,652,652,11.5,3.085633931
W1_20,1,W_152,4,north,water,5,2,2018,40,Simon Reith,NA,W1_20_2018,653,653,1.5,1.343233257
W1_20,1,W_152,4,north,water,5,2,2019,75,Jakob Huber,143,W1_20_2019,654,654,3,2.117792094
W1_20,1,W_152,4,north,water,5,2,2020,75,Katharina Beck,NA,W1_20_2020,655,655,26,2.360860866
W1_20,1,W_152,4,north,water,5,2,2021,90,Markus Bauer,NA,W1_20_2021,656,656,6,2.32103674
W1_21,1,W_164,4,north,water,6,4,2018,30,Simon Reith,NA,W1_21_2018,657,657,0.5,1.597529664
W1_21,1,W_164,4,north,water,6,4,2019,85,Jakob Huber,221,W1_21_2019,658,658,3.5,1.523989422
W1_21,1,W_164,4,north,water,6,4,2020,75,Katharina Beck,NA,W1_21_2020,659,659,33,2.619365972
W1_21,1,W_164,4,north,water,6,4,2021,100,Markus Bauer,NA,W1_21_2021,660,660,36.5,2.969966505
W1_22,1,W_162,4,north,water,6,2,2018,35,Simon Reith,NA,W1_22_2018,661,661,1.5,1.482967123
W1_22,1,W_162,4,north,water,6,2,2019,80,Jakob Huber,96,W1_22_2019,662,662,2.5,1.566064441
W1_22,1,W_162,4,north,water,6,2,2020,80,Katharina Beck,NA,W1_22_2020,663,663,26,2.510906691
W1_22,1,W_162,4,north,water,6,2,2021,90,Markus Bauer,NA,W1_22_2021,664,664,16,3.086972835
W1_23,1,W_163,4,north,water,6,3,2018,35,Simon Reith,NA,W1_23_2018,665,665,2,1.426048544
W1_23,1,W_163,4,north,water,6,3,2019,75,Jakob Huber,317,W1_23_2019,666,666,5,1.587182494
W1_23,1,W_163,4,north,water,6,3,2020,80,Katharina Beck,NA,W1_23_2020,667,667,19,2.436451686
W1_23,1,W_163,4,north,water,6,3,2021,90,Markus Bauer,NA,W1_23_2021,668,668,13.5,2.670245144
W1_24,1,W_161,4,north,water,6,1,2018,30,Simon Reith,NA,W1_24_2018,669,669,1.5,1.356317805
W1_24,1,W_161,4,north,water,6,1,2019,80,Jakob Huber,154,W1_24_2019,670,670,8.5,2.373374731
W1_24,1,W_161,4,north,water,6,1,2020,80,Katharina Beck,NA,W1_24_2020,671,671,22,2.521252604
W1_24,1,W_161,4,north,water,6,1,2021,90,Markus Bauer,NA,W1_24_2021,672,672,24.5,2.538114043
W2_01,2,W_213,4,north,water,1,3,2018,80,Jakob Huber,NA,W2_01_2018,673,673,1,0.829979365
W2_01,2,W_213,4,north,water,1,3,2019,75,Jakob Huber,137,W2_01_2019,674,674,7.5,2.973282958
W2_01,2,W_213,4,north,water,1,3,2020,90,Jakob Huber,NA,W2_01_2020,675,675,55.5,2.240044758
W2_01,2,W_213,4,north,water,1,3,2021,100,Markus Bauer,NA,W2_01_2021,676,676,35,2.879080639
W2_02,2,W_211,4,north,water,1,1,2018,80,Jakob Huber,NA,W2_02_2018,677,677,1.5,0.922853355
W2_02,2,W_211,4,north,water,1,1,2019,85,Jakob Huber,256,W2_02_2019,678,678,10,1.803214912
W2_02,2,W_211,4,north,water,1,1,2020,90,Jakob Huber,NA,W2_02_2020,679,679,38.5,2.727027647
W2_02,2,W_211,4,north,water,1,1,2021,100,Markus Bauer,NA,W2_02_2021,680,680,36,2.59652755
W2_03,2,W_212,4,north,water,1,2,2018,80,Jakob Huber,NA,W2_03_2018,681,681,0.5,0.806815287
W2_03,2,W_212,4,north,water,1,2,2019,90,Jakob Huber,202,W2_03_2019,682,682,6.5,1.592621686
W2_03,2,W_212,4,north,water,1,2,2020,85,Jakob Huber,NA,W2_03_2020,683,683,43,2.606115772
W2_03,2,W_212,4,north,water,1,2,2021,100,Markus Bauer,NA,W2_03_2021,684,684,36.5,2.468075596
W2_04,2,W_214,4,north,water,1,4,2018,75,Jakob Huber,NA,W2_04_2018,685,685,0.5,0.842644378
W2_04,2,W_214,4,north,water,1,4,2019,80,Jakob Huber,209,W2_04_2019,686,686,6.5,2.277411535
W2_04,2,W_214,4,north,water,1,4,2020,90,Jakob Huber,NA,W2_04_2020,687,687,40.5,2.604285576
W2_04,2,W_214,4,north,water,1,4,2021,100,Markus Bauer,NA,W2_04_2021,688,688,36.5,2.73072246
W2_05,2,W_222,4,north,water,2,2,2018,80,Jakob Huber,NA,W2_05_2018,689,689,2,1.491353518
W2_05,2,W_222,4,north,water,2,2,2019,90,Jakob Huber,210,W2_05_2019,690,690,8,2.342392776
W2_05,2,W_222,4,north,water,2,2,2020,80,Jakob Huber,NA,W2_05_2020,691,691,14.5,3.010212738
W2_05,2,W_222,4,north,water,2,2,2021,90,Markus Bauer,NA,W2_05_2021,692,692,20,2.872636454
W2_06,2,W_224,4,north,water,2,4,2018,60,Jakob Huber,NA,W2_06_2018,693,693,2,1.396192238
W2_06,2,W_224,4,north,water,2,4,2019,90,Jakob Huber,262,W2_06_2019,694,694,1,1.851331406
W2_06,2,W_224,4,north,water,2,4,2020,90,Jakob Huber,NA,W2_06_2020,695,695,6.5,1.885154926
W2_06,2,W_224,4,north,water,2,4,2021,90,Markus Bauer,NA,W2_06_2021,696,696,35,2.70086082
W2_07,2,W_221,4,north,water,2,1,2018,50,Jakob Huber,NA,W2_07_2018,697,697,0.5,1.811594805
W2_07,2,W_221,4,north,water,2,1,2019,70,Jakob Huber,144,W2_07_2019,698,698,2,2.590990449
W2_07,2,W_221,4,north,water,2,1,2020,80,Jakob Huber,NA,W2_07_2020,699,699,19.5,2.836973953
W2_07,2,W_221,4,north,water,2,1,2021,90,Markus Bauer,NA,W2_07_2021,700,700,18.5,2.80944579
W2_08,2,W_223,4,north,water,2,3,2018,45,Jakob Huber,NA,W2_08_2018,701,701,1.5,1.716935316
W2_08,2,W_223,4,north,water,2,3,2019,85,Jakob Huber,220,W2_08_2019,702,702,3,2.27707123
W2_08,2,W_223,4,north,water,2,3,2020,80,Jakob Huber,NA,W2_08_2020,703,703,42,2.386731321
W2_08,2,W_223,4,north,water,2,3,2021,100,Markus Bauer,NA,W2_08_2021,704,704,34,3.093005425
W2_09,2,W_233,4,north,water,3,3,2018,85,Jakob Huber,NA,W2_09_2018,705,705,2.5,1.084047695
W2_09,2,W_233,4,north,water,3,3,2019,95,Jakob Huber,200,W2_09_2019,706,706,4,1.800235591
W2_09,2,W_233,4,north,water,3,3,2020,85,Jakob Huber,NA,W2_09_2020,707,707,16,2.700443923
W2_09,2,W_233,4,north,water,3,3,2021,90,Markus Bauer,NA,W2_09_2021,708,708,25.5,3.093448256
W2_10,2,W_231,4,north,water,3,1,2018,75,Jakob Huber,NA,W2_10_2018,709,709,2,1.130704454
W2_10,2,W_231,4,north,water,3,1,2019,80,Jakob Huber,169,W2_10_2019,710,710,9,2.648582495
W2_10,2,W_231,4,north,water,3,1,2020,75,Jakob Huber,NA,W2_10_2020,711,711,30.5,2.677388791
W2_10,2,W_231,4,north,water,3,1,2021,90,Markus Bauer,NA,W2_10_2021,712,712,20.5,3.250338154
W2_11,2,W_234,4,north,water,3,4,2018,75,Jakob Huber,NA,W2_11_2018,713,713,2.5,0.970124806
W2_11,2,W_234,4,north,water,3,4,2019,90,Jakob Huber,310,W2_11_2019,714,714,8,2.020547795
W2_11,2,W_234,4,north,water,3,4,2020,90,Jakob Huber,NA,W2_11_2020,715,715,13,2.510691583
W2_11,2,W_234,4,north,water,3,4,2021,100,Markus Bauer,NA,W2_11_2021,716,716,26,3.153489359
W2_12,2,W_232,4,north,water,3,2,2018,85,Jakob Huber,NA,W2_12_2018,717,717,3,1.119243948
W2_12,2,W_232,4,north,water,3,2,2019,90,Jakob Huber,392,W2_12_2019,718,718,14,2.438607554
W2_12,2,W_232,4,north,water,3,2,2020,85,Jakob Huber,NA,W2_12_2020,719,719,9.5,2.223771641
W2_12,2,W_232,4,north,water,3,2,2021,90,Markus Bauer,NA,W2_12_2021,720,720,41.5,2.819724732
W2_13,2,W_241,4,north,water,4,1,2018,85,Jakob Huber,NA,W2_13_2018,721,721,1.5,0.439767759
W2_13,2,W_241,4,north,water,4,1,2019,70,Jakob Huber,174,W2_13_2019,722,722,8.5,2.55442048
W2_13,2,W_241,4,north,water,4,1,2020,85,Jakob Huber,NA,W2_13_2020,723,723,39,2.652942803
W2_13,2,W_241,4,north,water,4,1,2021,90,Markus Bauer,NA,W2_13_2021,724,724,30.5,2.924689945
W2_14,2,W_244,4,north,water,4,4,2018,85,Jakob Huber,NA,W2_14_2018,725,725,1.5,0.525764618
W2_14,2,W_244,4,north,water,4,4,2019,75,Jakob Huber,178,W2_14_2019,726,726,9,2.30634388
W2_14,2,W_244,4,north,water,4,4,2020,80,Jakob Huber,NA,W2_14_2020,727,727,53,2.611195647
W2_14,2,W_244,4,north,water,4,4,2021,90,Markus Bauer,NA,W2_14_2021,728,728,14.5,2.694224388
W2_15,2,W_242,4,north,water,4,2,2018,75,Jakob Huber,NA,W2_15_2018,729,729,1,0.378668517
W2_15,2,W_242,4,north,water,4,2,2019,70,Jakob Huber,98,W2_15_2019,730,730,6,2.143898531
W2_15,2,W_242,4,north,water,4,2,2020,80,Jakob Huber,NA,W2_15_2020,731,731,39.5,2.850505084
W2_15,2,W_242,4,north,water,4,2,2021,90,Markus Bauer,NA,W2_15_2021,732,732,10,2.746988628
W2_16,2,W_243,4,north,water,4,3,2018,80,Jakob Huber,NA,W2_16_2018,733,733,0,0.326545567
W2_16,2,W_243,4,north,water,4,3,2019,70,Jakob Huber,155,W2_16_2019,734,734,24,2.529401551
W2_16,2,W_243,4,north,water,4,3,2020,85,Jakob Huber,NA,W2_16_2020,735,735,22,2.730705388
W2_16,2,W_243,4,north,water,4,3,2021,90,Markus Bauer,NA,W2_16_2021,736,736,13.5,2.358935745
W2_17,2,W_251,4,north,water,5,1,2018,55,Jakob Huber,NA,W2_17_2018,737,737,1,1.372221279
W2_17,2,W_251,4,north,water,5,1,2019,75,Jakob Huber,214,W2_17_2019,738,738,3.5,2.478511508
W2_17,2,W_251,4,north,water,5,1,2020,80,Jakob Huber,NA,W2_17_2020,739,739,22,2.847309875
W2_17,2,W_251,4,north,water,5,1,2021,90,Markus Bauer,NA,W2_17_2021,740,740,13,2.686197558
W2_18,2,W_254,4,north,water,5,4,2018,45,Jakob Huber,NA,W2_18_2018,741,741,1,1.452488571
W2_18,2,W_254,4,north,water,5,4,2019,90,Jakob Huber,935,W2_18_2019,742,742,2.5,0.961633193
W2_18,2,W_254,4,north,water,5,4,2020,80,Jakob Huber,NA,W2_18_2020,743,743,29,2.561851405
W2_18,2,W_254,4,north,water,5,4,2021,90,Markus Bauer,NA,W2_18_2021,744,744,32,2.957915207
W2_19,2,W_252,4,north,water,5,2,2018,65,Jakob Huber,NA,W2_19_2018,745,745,2.5,0.975047951
W2_19,2,W_252,4,north,water,5,2,2019,85,Jakob Huber,138,W2_19_2019,746,746,13.5,2.41518885
W2_19,2,W_252,4,north,water,5,2,2020,85,Jakob Huber,NA,W2_19_2020,747,747,30.5,2.716975474
W2_19,2,W_252,4,north,water,5,2,2021,90,Markus Bauer,NA,W2_19_2021,748,748,31.5,2.81457672
W2_20,2,W_253,4,north,water,5,3,2018,65,Jakob Huber,NA,W2_20_2018,749,749,1,0.885899478
W2_20,2,W_253,4,north,water,5,3,2019,80,Jakob Huber,237,W2_20_2019,750,750,12.5,2.04677257
W2_20,2,W_253,4,north,water,5,3,2020,80,Jakob Huber,NA,W2_20_2020,751,751,24.5,2.688069298
W2_20,2,W_253,4,north,water,5,3,2021,90,Markus Bauer,NA,W2_20_2021,752,752,24,2.882323976
W2_21,2,W_261,4,north,water,6,1,2018,65,Jakob Huber,NA,W2_21_2018,753,753,3.5,0.899943801
W2_21,2,W_261,4,north,water,6,1,2019,65,Jakob Huber,62,W2_21_2019,754,754,3,1.414584685
W2_21,2,W_261,4,north,water,6,1,2020,80,Jakob Huber,NA,W2_21_2020,755,755,15.5,2.756986349
W2_21,2,W_261,4,north,water,6,1,2021,70,Markus Bauer,NA,W2_21_2021,756,756,19,3.072985392
W2_22,2,W_264,4,north,water,6,4,2018,65,Jakob Huber,NA,W2_22_2018,757,757,1,1.00284198
W2_22,2,W_264,4,north,water,6,4,2019,90,Jakob Huber,385,W2_22_2019,758,758,3,1.373729615
W2_22,2,W_264,4,north,water,6,4,2020,85,Jakob Huber,NA,W2_22_2020,759,759,2.5,1.455586074
W2_22,2,W_264,4,north,water,6,4,2021,90,Markus Bauer,NA,W2_22_2021,760,760,31,2.762358153
W2_23,2,W_263,4,north,water,6,3,2018,65,Jakob Huber,NA,W2_23_2018,761,761,1,1.027761409
W2_23,2,W_263,4,north,water,6,3,2019,80,Jakob Huber,676,W2_23_2019,762,762,5,2.25390219
W2_23,2,W_263,4,north,water,6,3,2020,80,Jakob Huber,NA,W2_23_2020,763,763,10,2.275180316
W2_23,2,W_263,4,north,water,6,3,2021,90,Markus Bauer,NA,W2_23_2021,764,764,16.5,2.667565946
W2_24,2,W_262,4,north,water,6,2,2018,70,Jakob Huber,NA,W2_24_2018,765,765,3.5,0.751413344
W2_24,2,W_262,4,north,water,6,2,2019,55,Jakob Huber,99,W2_24_2019,766,766,8,2.306045056
W2_24,2,W_262,4,north,water,6,2,2020,80,Jakob Huber,NA,W2_24_2020,767,767,8,2.051369819
W2_24,2,W_262,4,north,water,6,2,2021,90,Markus Bauer,NA,W2_24_2021,768,768,13.5,2.244602209
W3_01,3,W_312,4,north,water,1,2,2018,25,Jakob Huber,NA,W3_01_2018,769,769,0,0.882838777
W3_01,3,W_312,4,north,water,1,2,2019,50,Jakob Huber,160,W3_01_2019,770,770,22.5,2.620445573
W3_01,3,W_312,4,north,water,1,2,2020,80,Katharina Beck,NA,W3_01_2020,771,771,71.5,1.692757037
W3_01,3,W_312,4,north,water,1,2,2021,90,Markus Bauer,NA,W3_01_2021,772,772,37.5,2.464587877
W3_02,3,W_311,4,north,water,1,1,2018,20,Jakob Huber,NA,W3_02_2018,773,773,1,1.671321158
W3_02,3,W_311,4,north,water,1,1,2019,80,Jakob Huber,358,W3_02_2019,774,774,16,2.439017525
W3_02,3,W_311,4,north,water,1,1,2020,90,Katharina Beck,NA,W3_02_2020,775,775,80,1.58953017
W3_02,3,W_311,4,north,water,1,1,2021,80,Markus Bauer,NA,W3_02_2021,776,776,25.5,2.676358696
W3_03,3,W_313,4,north,water,1,3,2018,20,Jakob Huber,NA,W3_03_2018,777,777,0.5,1.406911106
W3_03,3,W_313,4,north,water,1,3,2019,85,Jakob Huber,109,W3_03_2019,778,778,7.5,1.342986517
W3_03,3,W_313,4,north,water,1,3,2020,90,Katharina Beck,NA,W3_03_2020,779,779,73.5,1.688743898
W3_03,3,W_313,4,north,water,1,3,2021,80,Markus Bauer,NA,W3_03_2021,780,780,22.5,2.75263598
W3_04,3,W_314,4,north,water,1,4,2018,25,Jakob Huber,NA,W3_04_2018,781,781,0.5,1.361066984
W3_04,3,W_314,4,north,water,1,4,2019,90,Jakob Huber,377,W3_04_2019,782,782,5.5,1.578240649
W3_04,3,W_314,4,north,water,1,4,2020,70,Katharina Beck,NA,W3_04_2020,783,783,66,2.309631571
W3_04,3,W_314,4,north,water,1,4,2021,90,Markus Bauer,NA,W3_04_2021,784,784,31,2.900033199
W3_05,3,W_324,4,north,water,2,4,2018,25,Jakob Huber,NA,W3_05_2018,785,785,1.5,2.005239613
W3_05,3,W_324,4,north,water,2,4,2019,80,Jakob Huber,323,W3_05_2019,786,786,4,2.422218819
W3_05,3,W_324,4,north,water,2,4,2020,90,Katharina Beck,NA,W3_05_2020,787,787,69,2.002558879
W3_05,3,W_324,4,north,water,2,4,2021,90,Markus Bauer,NA,W3_05_2021,788,788,14.5,2.345458582
W3_06,3,W_322,4,north,water,2,2,2018,20,Jakob Huber,NA,W3_06_2018,789,789,0.5,1.73120788
W3_06,3,W_322,4,north,water,2,2,2019,80,Jakob Huber,337,W3_06_2019,790,790,6,2.716672059
W3_06,3,W_322,4,north,water,2,2,2020,80,Katharina Beck,NA,W3_06_2020,791,791,34.5,2.470179576
W3_06,3,W_322,4,north,water,2,2,2021,90,Markus Bauer,NA,W3_06_2021,792,792,28.5,2.372241823
W3_07,3,W_323,4,north,water,2,3,2018,25,Jakob Huber,NA,W3_07_2018,793,793,1.5,1.873319983
W3_07,3,W_323,4,north,water,2,3,2019,80,Jakob Huber,367,W3_07_2019,794,794,2,1.265011718
W3_07,3,W_323,4,north,water,2,3,2020,75,Katharina Beck,NA,W3_07_2020,795,795,43,2.378887355
W3_07,3,W_323,4,north,water,2,3,2021,90,Markus Bauer,NA,W3_07_2021,796,796,30,3.042876216
W3_08,3,W_321,4,north,water,2,1,2018,20,Jakob Huber,NA,W3_08_2018,797,797,7,1.995412658
W3_08,3,W_321,4,north,water,2,1,2019,80,Jakob Huber,505,W3_08_2019,798,798,7.5,2.171798102
W3_08,3,W_321,4,north,water,2,1,2020,70,Katharina Beck,NA,W3_08_2020,799,799,25,2.787207881
W3_08,3,W_321,4,north,water,2,1,2021,80,Markus Bauer,NA,W3_08_2021,800,800,25,3.006331863
W3_09,3,W_332,4,north,water,3,2,2018,60,Jakob Huber,NA,W3_09_2018,801,801,2.5,1.00912236
W3_09,3,W_332,4,north,water,3,2,2019,75,Jakob Huber,304,W3_09_2019,802,802,5.5,1.910109661
W3_09,3,W_332,4,north,water,3,2,2020,85,Katharina Beck,NA,W3_09_2020,803,803,37,2.32947997
W3_09,3,W_332,4,north,water,3,2,2021,80,Markus Bauer,NA,W3_09_2021,804,804,26.5,2.971270612
W3_10,3,W_331,4,north,water,3,1,2018,70,Jakob Huber,NA,W3_10_2018,805,805,1,0.686314801
W3_10,3,W_331,4,north,water,3,1,2019,70,Jakob Huber,364,W3_10_2019,806,806,3.5,1.361999177
W3_10,3,W_331,4,north,water,3,1,2020,85,Katharina Beck,NA,W3_10_2020,807,807,12.5,1.615509018
W3_10,3,W_331,4,north,water,3,1,2021,80,Markus Bauer,NA,W3_10_2021,808,808,37,2.98498623
W3_11,3,W_333,4,north,water,3,3,2018,20,Jakob Huber,NA,W3_11_2018,809,809,2.5,2.018918433
W3_11,3,W_333,4,north,water,3,3,2019,75,Jakob Huber,224,W3_11_2019,810,810,3.5,2.233688664
W3_11,3,W_333,4,north,water,3,3,2020,70,Katharina Beck,NA,W3_11_2020,811,811,28,2.693816238
W3_11,3,W_333,4,north,water,3,3,2021,80,Markus Bauer,NA,W3_11_2021,812,812,28.5,2.745958612
W3_12,3,W_334,4,north,water,3,4,2018,20,Jakob Huber,NA,W3_12_2018,813,813,2.5,1.833093307
W3_12,3,W_334,4,north,water,3,4,2019,85,Jakob Huber,401,W3_12_2019,814,814,2,1.326303905
W3_12,3,W_334,4,north,water,3,4,2020,75,Katharina Beck,NA,W3_12_2020,815,815,38,2.590557806
W3_12,3,W_334,4,north,water,3,4,2021,80,Markus Bauer,NA,W3_12_2021,816,816,36.5,3.041049565
W3_13,3,W_342,4,north,water,4,2,2018,50,Jakob Huber,NA,W3_13_2018,817,817,1,0.938386836
W3_13,3,W_342,4,north,water,4,2,2019,75,Jakob Huber,237,W3_13_2019,818,818,32.5,2.351133996
W3_13,3,W_342,4,north,water,4,2,2020,80,Katharina Beck,NA,W3_13_2020,819,819,54.5,2.395654647
W3_13,3,W_342,4,north,water,4,2,2021,80,Markus Bauer,NA,W3_13_2021,820,820,20,2.931821304
W3_14,3,W_341,4,north,water,4,1,2018,30,Jakob Huber,NA,W3_14_2018,821,821,0.5,0.467523322
W3_14,3,W_341,4,north,water,4,1,2019,75,Jakob Huber,120,W3_14_2019,822,822,73.5,1.901184791
W3_14,3,W_341,4,north,water,4,1,2020,75,Katharina Beck,NA,W3_14_2020,823,823,59,2.240146192
W3_14,3,W_341,4,north,water,4,1,2021,80,Markus Bauer,NA,W3_14_2021,824,824,12,2.746076547
W3_15,3,W_343,4,north,water,4,3,2018,45,Jakob Huber,NA,W3_15_2018,825,825,0.5,0.818891767
W3_15,3,W_343,4,north,water,4,3,2019,80,Jakob Huber,119,W3_15_2019,826,826,33,1.696917466
W3_15,3,W_343,4,north,water,4,3,2020,85,Katharina Beck,NA,W3_15_2020,827,827,72,1.429252364
W3_15,3,W_343,4,north,water,4,3,2021,80,Markus Bauer,NA,W3_15_2021,828,828,9,3.048540772
W3_16,3,W_344,4,north,water,4,4,2018,40,Jakob Huber,NA,W3_16_2018,829,829,0.5,1.069703133
W3_16,3,W_344,4,north,water,4,4,2019,75,Jakob Huber,1005,W3_16_2019,830,830,6,1.545166586
W3_16,3,W_344,4,north,water,4,4,2020,90,Katharina Beck,NA,W3_16_2020,831,831,74.5,2.267780469
W3_16,3,W_344,4,north,water,4,4,2021,80,Markus Bauer,NA,W3_16_2021,832,832,17.5,2.793773215
W3_17,3,W_354,4,north,water,5,4,2018,55,Jakob Huber,NA,W3_17_2018,833,833,1.5,1.435340244
W3_17,3,W_354,4,north,water,5,4,2019,90,Jakob Huber,308,W3_17_2019,834,834,1.5,1.072081391
W3_17,3,W_354,4,north,water,5,4,2020,90,Katharina Beck,NA,W3_17_2020,835,835,15,1.772045475
W3_17,3,W_354,4,north,water,5,4,2021,90,Markus Bauer,NA,W3_17_2021,836,836,16,2.619442867
W3_18,3,W_352,4,north,water,5,2,2018,55,Jakob Huber,NA,W3_18_2018,837,837,1,1.3159313
W3_18,3,W_352,4,north,water,5,2,2019,90,Jakob Huber,208,W3_18_2019,838,838,7.5,2.264773572
W3_18,3,W_352,4,north,water,5,2,2020,85,Katharina Beck,NA,W3_18_2020,839,839,52,2.541978384
W3_18,3,W_352,4,north,water,5,2,2021,90,Markus Bauer,NA,W3_18_2021,840,840,13.5,2.344826004
W3_19,3,W_353,4,north,water,5,3,2018,50,Jakob Huber,NA,W3_19_2018,841,841,3,1.231216082
W3_19,3,W_353,4,north,water,5,3,2019,95,Jakob Huber,195,W3_19_2019,842,842,4.5,1.483431843
W3_19,3,W_353,4,north,water,5,3,2020,85,Katharina Beck,NA,W3_19_2020,843,843,60.5,2.414623016
W3_19,3,W_353,4,north,water,5,3,2021,90,Markus Bauer,NA,W3_19_2021,844,844,17.5,2.523749404
W3_20,3,W_351,4,north,water,5,1,2018,50,Jakob Huber,NA,W3_20_2018,845,845,1.5,2.082092114
W3_20,3,W_351,4,north,water,5,1,2019,85,Jakob Huber,785,W3_20_2019,846,846,1.5,1.65772094
W3_20,3,W_351,4,north,water,5,1,2020,85,Katharina Beck,NA,W3_20_2020,847,847,43,2.376416044
W3_20,3,W_351,4,north,water,5,1,2021,90,Markus Bauer,NA,W3_20_2021,848,848,10.5,2.413911933
W3_21,3,W_362,4,north,water,6,2,2018,60,Jakob Huber,NA,W3_21_2018,849,849,2,1.084905752
W3_21,3,W_362,4,north,water,6,2,2019,85,Jakob Huber,162,W3_21_2019,850,850,6.5,2.273428513
W3_21,3,W_362,4,north,water,6,2,2020,90,Katharina Beck,NA,W3_21_2020,851,851,50.5,2.604787176
W3_21,3,W_362,4,north,water,6,2,2021,90,Markus Bauer,NA,W3_21_2021,852,852,26,2.445060273
W3_22,3,W_363,4,north,water,6,3,2018,60,Jakob Huber,NA,W3_22_2018,853,853,1.5,1.606744626
W3_22,3,W_363,4,north,water,6,3,2019,80,Jakob Huber,334,W3_22_2019,854,854,4.5,2.270939473
W3_22,3,W_363,4,north,water,6,3,2020,85,Katharina Beck,NA,W3_22_2020,855,855,64,2.47392952
W3_22,3,W_363,4,north,water,6,3,2021,90,Markus Bauer,NA,W3_22_2021,856,856,25,2.413234614
W3_23,3,W_364,4,north,water,6,4,2018,75,Jakob Huber,NA,W3_23_2018,857,857,2,1.221530406
W3_23,3,W_364,4,north,water,6,4,2019,95,Jakob Huber,1333,W3_23_2019,858,858,4.5,1.084712515
W3_23,3,W_364,4,north,water,6,4,2020,85,Katharina Beck,NA,W3_23_2020,859,859,49.5,2.479518657
W3_23,3,W_364,4,north,water,6,4,2021,90,Markus Bauer,NA,W3_23_2021,860,860,33,2.893673211
W3_24,3,W_361,4,north,water,6,1,2018,50,Jakob Huber,NA,W3_24_2018,861,861,2,1.583493143
W3_24,3,W_361,4,north,water,6,1,2019,90,Jakob Huber,322,W3_24_2019,862,862,4,1.999288927
W3_24,3,W_361,4,north,water,6,1,2020,90,Katharina Beck,NA,W3_24_2020,863,863,36.5,2.270574864
W3_24,3,W_361,4,north,water,6,1,2021,100,Markus Bauer,NA,W3_24_2021,864,864,20,2.693999983
W4_01,4,W_414,4,north,water,1,4,2018,75,Simon Reith,NA,W4_01_2018,865,865,0.5,0.575866653
W4_01,4,W_414,4,north,water,1,4,2019,80,Jakob Huber,116,W4_01_2019,866,866,31,1.939350529
W4_01,4,W_414,4,north,water,1,4,2020,90,Jakob Huber,NA,W4_01_2020,867,867,88,1.888526194
W4_01,4,W_414,4,north,water,1,4,2021,90,Markus Bauer,NA,W4_01_2021,868,868,30,2.881723775
W4_02,4,W_412,4,north,water,1,2,2018,70,Simon Reith,NA,W4_02_2018,869,869,0.5,0.363756755
W4_02,4,W_412,4,north,water,1,2,2019,75,Jakob Huber,128,W4_02_2019,870,870,28,2.766819957
W4_02,4,W_412,4,north,water,1,2,2020,80,Jakob Huber,NA,W4_02_2020,871,871,35.5,2.282408517
W4_02,4,W_412,4,north,water,1,2,2021,80,Markus Bauer,NA,W4_02_2021,872,872,10.5,1.981429796
W4_03,4,W_413,4,north,water,1,3,2018,60,Simon Reith,NA,W4_03_2018,873,873,0.5,0.647529596
W4_03,4,W_413,4,north,water,1,3,2019,70,Jakob Huber,278,W4_03_2019,874,874,8,1.560185191
W4_03,4,W_413,4,north,water,1,3,2020,85,Jakob Huber,NA,W4_03_2020,875,875,68,2.085227244
W4_03,4,W_413,4,north,water,1,3,2021,90,Markus Bauer,NA,W4_03_2021,876,876,34,2.894053605
W4_04,4,W_411,4,north,water,1,1,2018,60,Simon Reith,NA,W4_04_2018,877,877,0.5,1.200224529
W4_04,4,W_411,4,north,water,1,1,2019,75,Jakob Huber,43,W4_04_2019,878,878,15.5,2.338465731
W4_04,4,W_411,4,north,water,1,1,2020,80,Jakob Huber,NA,W4_04_2020,879,879,32.5,2.500786345
W4_04,4,W_411,4,north,water,1,1,2021,90,Markus Bauer,NA,W4_04_2021,880,880,6,2.419286565
W4_05,4,W_421,4,north,water,2,1,2018,40,Simon Reith,NA,W4_05_2018,881,881,2,1.892792791
W4_05,4,W_421,4,north,water,2,1,2019,80,Jakob Huber,150,W4_05_2019,882,882,8,2.563130786
W4_05,4,W_421,4,north,water,2,1,2020,85,Jakob Huber,NA,W4_05_2020,883,883,27.5,2.162555878
W4_05,4,W_421,4,north,water,2,1,2021,100,Markus Bauer,NA,W4_05_2021,884,884,10,2.692554213
W4_06,4,W_422,4,north,water,2,2,2018,35,Simon Reith,NA,W4_06_2018,885,885,2,1.976752375
W4_06,4,W_422,4,north,water,2,2,2019,85,Jakob Huber,309,W4_06_2019,886,886,10,2.49190329
W4_06,4,W_422,4,north,water,2,2,2020,90,Jakob Huber,NA,W4_06_2020,887,887,22.5,2.486569972
W4_06,4,W_422,4,north,water,2,2,2021,90,Markus Bauer,NA,W4_06_2021,888,888,16.5,2.592638758
W4_07,4,W_423,4,north,water,2,3,2018,25,Simon Reith,NA,W4_07_2018,889,889,1,2.104817546
W4_07,4,W_423,4,north,water,2,3,2019,95,Jakob Huber,1427,W4_07_2019,890,890,1.5,1.033268654
W4_07,4,W_423,4,north,water,2,3,2020,80,Jakob Huber,NA,W4_07_2020,891,891,56,2.326122282
W4_07,4,W_423,4,north,water,2,3,2021,90,Markus Bauer,NA,W4_07_2021,892,892,26,2.647725559
W4_08,4,W_424,4,north,water,2,4,2018,70,Simon Reith,NA,W4_08_2018,893,893,2.5,1.708584343
W4_08,4,W_424,4,north,water,2,4,2019,95,Jakob Huber,450,W4_08_2019,894,894,2.5,1.405930481
W4_08,4,W_424,4,north,water,2,4,2020,85,Jakob Huber,NA,W4_08_2020,895,895,21.5,2.029134801
W4_08,4,W_424,4,north,water,2,4,2021,90,Markus Bauer,NA,W4_08_2021,896,896,40,2.604069072
W4_09,4,W_431,4,north,water,3,1,2018,30,Simon Reith,NA,W4_09_2018,897,897,0.5,1.81673971
W4_09,4,W_431,4,north,water,3,1,2019,75,Jakob Huber,171,W4_09_2019,898,898,10.5,2.455913707
W4_09,4,W_431,4,north,water,3,1,2020,75,Jakob Huber,NA,W4_09_2020,899,899,17,2.669602259
W4_09,4,W_431,4,north,water,3,1,2021,80,Markus Bauer,NA,W4_09_2021,900,900,11.5,2.42458502
W4_10,4,W_432,4,north,water,3,2,2018,30,Simon Reith,NA,W4_10_2018,901,901,1,1.374976275
W4_10,4,W_432,4,north,water,3,2,2019,70,Jakob Huber,170,W4_10_2019,902,902,3.5,2.239724709
W4_10,4,W_432,4,north,water,3,2,2020,80,Jakob Huber,NA,W4_10_2020,903,903,15.5,2.608538099
W4_10,4,W_432,4,north,water,3,2,2021,80,Markus Bauer,NA,W4_10_2021,904,904,26,2.471360145
W4_11,4,W_433,4,north,water,3,3,2018,30,Simon Reith,NA,W4_11_2018,905,905,1,1.830805742
W4_11,4,W_433,4,north,water,3,3,2019,90,Jakob Huber,149,W4_11_2019,906,906,3,1.470004066
W4_11,4,W_433,4,north,water,3,3,2020,85,Jakob Huber,NA,W4_11_2020,907,907,15,2.705140327
W4_11,4,W_433,4,north,water,3,3,2021,80,Markus Bauer,NA,W4_11_2021,908,908,27.5,2.86955773
W4_12,4,W_434,4,north,water,3,4,2018,25,Simon Reith,NA,W4_12_2018,909,909,1,1.760401028
W4_12,4,W_434,4,north,water,3,4,2019,80,Jakob Huber,168,W4_12_2019,910,910,7.5,2.550993164
W4_12,4,W_434,4,north,water,3,4,2020,80,Jakob Huber,NA,W4_12_2020,911,911,21,2.673519478
W4_12,4,W_434,4,north,water,3,4,2021,80,Markus Bauer,NA,W4_12_2021,912,912,19,2.759420114
W4_13,4,W_444,4,north,water,4,4,2018,70,Simon Reith,NA,W4_13_2018,913,913,0,0.342210221
W4_13,4,W_444,4,north,water,4,4,2019,70,Jakob Huber,128,W4_13_2019,914,914,9.5,2.050905362
W4_13,4,W_444,4,north,water,4,4,2020,90,Jakob Huber,NA,W4_13_2020,915,915,46,2.048131094
W4_13,4,W_444,4,north,water,4,4,2021,80,Markus Bauer,NA,W4_13_2021,916,916,37.5,1.982429086
W4_14,4,W_442,4,north,water,4,2,2018,70,Simon Reith,NA,W4_14_2018,917,917,0,0.4239254
W4_14,4,W_442,4,north,water,4,2,2019,70,Jakob Huber,82,W4_14_2019,918,918,13,2.722872525
W4_14,4,W_442,4,north,water,4,2,2020,85,Jakob Huber,NA,W4_14_2020,919,919,61,2.043799495
W4_14,4,W_442,4,north,water,4,2,2021,80,Markus Bauer,NA,W4_14_2021,920,920,25.5,1.91044756
W4_15,4,W_441,4,north,water,4,1,2018,60,Simon Reith,NA,W4_15_2018,921,921,0.5,0.711758018
W4_15,4,W_441,4,north,water,4,1,2019,75,Jakob Huber,191,W4_15_2019,922,922,21,2.483042192
W4_15,4,W_441,4,north,water,4,1,2020,80,Jakob Huber,NA,W4_15_2020,923,923,54.5,2.092015178
W4_15,4,W_441,4,north,water,4,1,2021,80,Markus Bauer,NA,W4_15_2021,924,924,45,1.961129591
W4_16,4,W_443,4,north,water,4,3,2018,60,Simon Reith,NA,W4_16_2018,925,925,0,0.772293637
W4_16,4,W_443,4,north,water,4,3,2019,85,Jakob Huber,188,W4_16_2019,926,926,3.5,2.21478946
W4_16,4,W_443,4,north,water,4,3,2020,85,Jakob Huber,NA,W4_16_2020,927,927,42.5,2.362661007
W4_16,4,W_443,4,north,water,4,3,2021,90,Markus Bauer,NA,W4_16_2021,928,928,26.5,2.829650036
W4_17,4,W_454,4,north,water,5,4,2018,50,Simon Reith,NA,W4_17_2018,929,929,1,1.281862188
W4_17,4,W_454,4,north,water,5,4,2019,90,Jakob Huber,253,W4_17_2019,930,930,4.5,2.256516917
W4_17,4,W_454,4,north,water,5,4,2020,80,Jakob Huber,NA,W4_17_2020,931,931,12.5,2.542315163
W4_17,4,W_454,4,north,water,5,4,2021,90,Markus Bauer,NA,W4_17_2021,932,932,30.5,2.744140773
W4_18,4,W_451,4,north,water,5,1,2018,40,Simon Reith,NA,W4_18_2018,933,933,1.5,1.700370384
W4_18,4,W_451,4,north,water,5,1,2019,75,Jakob Huber,211,W4_18_2019,934,934,3,2.440180477
W4_18,4,W_451,4,north,water,5,1,2020,75,Jakob Huber,NA,W4_18_2020,935,935,35,1.968204836
W4_18,4,W_451,4,north,water,5,1,2021,90,Markus Bauer,NA,W4_18_2021,936,936,13.5,2.248538959
W4_19,4,W_452,4,north,water,5,2,2018,25,Simon Reith,NA,W4_19_2018,937,937,1,1.69308473
W4_19,4,W_452,4,north,water,5,2,2019,65,Jakob Huber,141,W4_19_2019,938,938,7,2.450369462
W4_19,4,W_452,4,north,water,5,2,2020,75,Jakob Huber,NA,W4_19_2020,939,939,67.5,1.164906581
W4_19,4,W_452,4,north,water,5,2,2021,80,Markus Bauer,NA,W4_19_2021,940,940,15,2.633271011
W4_20,4,W_453,4,north,water,5,3,2018,35,Simon Reith,NA,W4_20_2018,941,941,1,1.678854369
W4_20,4,W_453,4,north,water,5,3,2019,95,Jakob Huber,969,W4_20_2019,942,942,4,1.806959815
W4_20,4,W_453,4,north,water,5,3,2020,75,Jakob Huber,NA,W4_20_2020,943,943,60,1.603897496
W4_20,4,W_453,4,north,water,5,3,2021,90,Markus Bauer,NA,W4_20_2021,944,944,33.5,2.303227748
W4_21,4,W_461,4,north,water,6,1,2018,15,Simon Reith,NA,W4_21_2018,945,945,2,2.455111596
W4_21,4,W_461,4,north,water,6,1,2019,60,Jakob Huber,140,W4_21_2019,946,946,5.5,2.378741985
W4_21,4,W_461,4,north,water,6,1,2020,70,Jakob Huber,NA,W4_21_2020,947,947,27.5,2.167259322
W4_21,4,W_461,4,north,water,6,1,2021,90,Markus Bauer,NA,W4_21_2021,948,948,19.5,2.834186742
W4_22,4,W_462,4,north,water,6,2,2018,10,Simon Reith,NA,W4_22_2018,949,949,0.5,2.692291153
W4_22,4,W_462,4,north,water,6,2,2019,65,Jakob Huber,134,W4_22_2019,950,950,6.5,2.581064266
W4_22,4,W_462,4,north,water,6,2,2020,75,Jakob Huber,NA,W4_22_2020,951,951,9,2.506669673
W4_22,4,W_462,4,north,water,6,2,2021,70,Markus Bauer,NA,W4_22_2021,952,952,36.5,2.380839796
W4_23,4,W_464,4,north,water,6,4,2018,5,Simon Reith,NA,W4_23_2018,953,953,1,2.63905733
W4_23,4,W_464,4,north,water,6,4,2019,80,Jakob Huber,142,W4_23_2019,954,954,6.5,2.650752912
W4_23,4,W_464,4,north,water,6,4,2020,90,Jakob Huber,NA,W4_23_2020,955,955,17.5,2.630537763
W4_23,4,W_464,4,north,water,6,4,2021,90,Markus Bauer,NA,W4_23_2021,956,956,29,2.842340425
W4_24,4,W_463,4,north,water,6,3,2018,10,Simon Reith,NA,W4_24_2018,957,957,0.5,1.861665586
W4_24,4,W_463,4,north,water,6,3,2019,85,Jakob Huber,197,W4_24_2019,958,958,4,1.638496555
W4_24,4,W_463,4,north,water,6,3,2020,75,Jakob Huber,NA,W4_24_2020,959,959,19,2.22844595
W4_24,4,W_463,4,north,water,6,3,2021,80,Markus Bauer,NA,W4_24_2021,960,960,24.5,2.712202824
W5_01,5,W_514,4,north,water,1,4,2018,65,Jakob Huber,NA,W5_01_2018,961,961,1,1.385496743
W5_01,5,W_514,4,north,water,1,4,2019,85,Jakob Huber,248,W5_01_2019,962,962,4,1.716989403
W5_01,5,W_514,4,north,water,1,4,2020,90,Katharina Beck,NA,W5_01_2020,963,963,57,2.54882927
W5_01,5,W_514,4,north,water,1,4,2021,90,Markus Bauer,NA,W5_01_2021,964,964,25,3.311003171
W5_02,5,W_511,4,north,water,1,1,2018,55,Jakob Huber,NA,W5_02_2018,965,965,2.5,2.259698726
W5_02,5,W_511,4,north,water,1,1,2019,80,Jakob Huber,128,W5_02_2019,966,966,6,1.379553423
W5_02,5,W_511,4,north,water,1,1,2020,85,Katharina Beck,NA,W5_02_2020,967,967,57.5,2.395187851
W5_02,5,W_511,4,north,water,1,1,2021,80,Markus Bauer,NA,W5_02_2021,968,968,24,3.178361777
W5_03,5,W_513,4,north,water,1,3,2018,65,Jakob Huber,NA,W5_03_2018,969,969,1,1.919136385
W5_03,5,W_513,4,north,water,1,3,2019,95,Jakob Huber,803,W5_03_2019,970,970,4.5,1.076076323
W5_03,5,W_513,4,north,water,1,3,2020,85,Katharina Beck,NA,W5_03_2020,971,971,57.5,2.424898511
W5_03,5,W_513,4,north,water,1,3,2021,90,Markus Bauer,NA,W5_03_2021,972,972,38.5,2.976167042
W5_04,5,W_512,4,north,water,1,2,2018,65,Jakob Huber,NA,W5_04_2018,973,973,1.5,1.212714248
W5_04,5,W_512,4,north,water,1,2,2019,75,Jakob Huber,160,W5_04_2019,974,974,3.5,2.168467449
W5_04,5,W_512,4,north,water,1,2,2020,90,Katharina Beck,NA,W5_04_2020,975,975,23,1.96121025
W5_04,5,W_512,4,north,water,1,2,2021,90,Markus Bauer,NA,W5_04_2021,976,976,11,2.32474774
W5_05,5,W_523,4,north,water,2,3,2018,55,Jakob Huber,NA,W5_05_2018,977,977,1.5,1.8055373
W5_05,5,W_523,4,north,water,2,3,2019,85,Jakob Huber,192,W5_05_2019,978,978,2,1.447938394
W5_05,5,W_523,4,north,water,2,3,2020,90,Katharina Beck,NA,W5_05_2020,979,979,21,1.532757775
W5_05,5,W_523,4,north,water,2,3,2021,90,Markus Bauer,NA,W5_05_2021,980,980,24,3.155969102
W5_06,5,W_521,4,north,water,2,1,2018,45,Jakob Huber,NA,W5_06_2018,981,981,2.5,2.125418554
W5_06,5,W_521,4,north,water,2,1,2019,80,Jakob Huber,140,W5_06_2019,982,982,4.5,2.260520966
W5_06,5,W_521,4,north,water,2,1,2020,75,Katharina Beck,NA,W5_06_2020,983,983,15.5,2.283028426
W5_06,5,W_521,4,north,water,2,1,2021,80,Markus Bauer,NA,W5_06_2021,984,984,7.5,2.651814572
W5_07,5,W_522,4,north,water,2,2,2018,25,Jakob Huber,NA,W5_07_2018,985,985,2,2.545274302
W5_07,5,W_522,4,north,water,2,2,2019,70,Jakob Huber,99,W5_07_2019,986,986,4,1.730820438
W5_07,5,W_522,4,north,water,2,2,2020,75,Katharina Beck,NA,W5_07_2020,987,987,16.5,2.621643051
W5_07,5,W_522,4,north,water,2,2,2021,90,Markus Bauer,NA,W5_07_2021,988,988,7.5,2.425988969
W5_08,5,W_524,4,north,water,2,4,2018,65,Jakob Huber,NA,W5_08_2018,989,989,2,2.004263816
W5_08,5,W_524,4,north,water,2,4,2019,90,Jakob Huber,720,W5_08_2019,990,990,2,1.247001903
W5_08,5,W_524,4,north,water,2,4,2020,80,Katharina Beck,NA,W5_08_2020,991,991,11.5,1.515902727
W5_08,5,W_524,4,north,water,2,4,2021,80,Markus Bauer,NA,W5_08_2021,992,992,20,2.80812418
W5_09,5,W_534,4,north,water,3,4,2018,25,Jakob Huber,NA,W5_09_2018,993,993,2,2.172975825
W5_09,5,W_534,4,north,water,3,4,2019,50,Jakob Huber,337,W5_09_2019,994,994,7.5,2.686004209
W5_09,5,W_534,4,north,water,3,4,2020,80,Katharina Beck,NA,W5_09_2020,995,995,29.5,2.505655473
W5_09,5,W_534,4,north,water,3,4,2021,90,Markus Bauer,NA,W5_09_2021,996,996,15,2.76097191
W5_10,5,W_531,4,north,water,3,1,2018,65,Jakob Huber,NA,W5_10_2018,997,997,2.5,0.795643833
W5_10,5,W_531,4,north,water,3,1,2019,60,Jakob Huber,98,W5_10_2019,998,998,6,1.455471102
W5_10,5,W_531,4,north,water,3,1,2020,70,Katharina Beck,NA,W5_10_2020,999,999,41,2.454829287
W5_10,5,W_531,4,north,water,3,1,2021,80,Markus Bauer,NA,W5_10_2021,1000,1000,16.5,2.912053442
W5_11,5,W_532,4,north,water,3,2,2018,65,Jakob Huber,NA,W5_11_2018,1001,1001,1.5,0.956472672
W5_11,5,W_532,4,north,water,3,2,2019,65,Jakob Huber,245,W5_11_2019,1002,1002,5,1.70042193
W5_11,5,W_532,4,north,water,3,2,2020,65,Katharina Beck,NA,W5_11_2020,1003,1003,36,2.524212167
W5_11,5,W_532,4,north,water,3,2,2021,80,Markus Bauer,NA,W5_11_2021,1004,1004,30,2.774337359
W5_12,5,W_533,4,north,water,3,3,2018,60,Jakob Huber,NA,W5_12_2018,1005,1005,2,1.401395427
W5_12,5,W_533,4,north,water,3,3,2019,70,Jakob Huber,76,W5_12_2019,1006,1006,6.5,1.326377245
W5_12,5,W_533,4,north,water,3,3,2020,70,Katharina Beck,NA,W5_12_2020,1007,1007,49.5,2.502545831
W5_12,5,W_533,4,north,water,3,3,2021,80,Markus Bauer,NA,W5_12_2021,1008,1008,29.5,3.095471939
W5_13,5,W_544,4,north,water,4,4,2018,65,Jakob Huber,NA,W5_13_2018,1009,1009,2,1.521143273
W5_13,5,W_544,4,north,water,4,4,2019,75,Jakob Huber,255,W5_13_2019,1010,1010,5,1.092987985
W5_13,5,W_544,4,north,water,4,4,2020,80,Katharina Beck,NA,W5_13_2020,1011,1011,58.5,2.434795047
W5_13,5,W_544,4,north,water,4,4,2021,90,Markus Bauer,NA,W5_13_2021,1012,1012,22,3.106289156
W5_14,5,W_541,4,north,water,4,1,2018,80,Jakob Huber,NA,W5_14_2018,1013,1013,0.5,0.888676653
W5_14,5,W_541,4,north,water,4,1,2019,80,Jakob Huber,288,W5_14_2019,1014,1014,9,1.602216502
W5_14,5,W_541,4,north,water,4,1,2020,90,Katharina Beck,NA,W5_14_2020,1015,1015,59,2.387225713
W5_14,5,W_541,4,north,water,4,1,2021,90,Markus Bauer,NA,W5_14_2021,1016,1016,11,2.501088319
W5_15,5,W_542,4,north,water,4,2,2018,90,Jakob Huber,NA,W5_15_2018,1017,1017,0.5,0.77457888
W5_15,5,W_542,4,north,water,4,2,2019,65,Jakob Huber,282,W5_15_2019,1018,1018,10,2.38431496
W5_15,5,W_542,4,north,water,4,2,2020,90,Katharina Beck,NA,W5_15_2020,1019,1019,66,2.320005426
W5_15,5,W_542,4,north,water,4,2,2021,90,Markus Bauer,NA,W5_15_2021,1020,1020,37.5,2.961305878
W5_16,5,W_543,4,north,water,4,3,2018,80,Jakob Huber,NA,W5_16_2018,1021,1021,2.5,1.151508839
W5_16,5,W_543,4,north,water,4,3,2019,70,Jakob Huber,160,W5_16_2019,1022,1022,16,2.303012855
W5_16,5,W_543,4,north,water,4,3,2020,85,Katharina Beck,NA,W5_16_2020,1023,1023,72.5,2.266937731
W5_16,5,W_543,4,north,water,4,3,2021,90,Markus Bauer,NA,W5_16_2021,1024,1024,27,2.230898722
W5_17,5,W_553,4,north,water,5,3,2018,40,Jakob Huber,NA,W5_17_2018,1025,1025,2.5,2.025587127
W5_17,5,W_553,4,north,water,5,3,2019,60,Jakob Huber,313,W5_17_2019,1026,1026,6,2.111748255
W5_17,5,W_553,4,north,water,5,3,2020,75,Katharina Beck,NA,W5_17_2020,1027,1027,54.5,2.319908464
W5_17,5,W_553,4,north,water,5,3,2021,80,Markus Bauer,NA,W5_17_2021,1028,1028,17,3.23595789
W5_18,5,W_552,4,north,water,5,2,2018,45,Jakob Huber,NA,W5_18_2018,1029,1029,1.5,2.30955467
W5_18,5,W_552,4,north,water,5,2,2019,80,Jakob Huber,44,W5_18_2019,1030,1030,11,2.652304449
W5_18,5,W_552,4,north,water,5,2,2020,80,Katharina Beck,NA,W5_18_2020,1031,1031,52.5,2.51867462
W5_18,5,W_552,4,north,water,5,2,2021,80,Markus Bauer,NA,W5_18_2021,1032,1032,27,2.700001865
W5_19,5,W_554,4,north,water,5,4,2018,40,Jakob Huber,NA,W5_19_2018,1033,1033,2.5,2.344133354
W5_19,5,W_554,4,north,water,5,4,2019,75,Jakob Huber,281,W5_19_2019,1034,1034,10.5,2.329138056
W5_19,5,W_554,4,north,water,5,4,2020,80,Katharina Beck,NA,W5_19_2020,1035,1035,56,2.544257051
W5_19,5,W_554,4,north,water,5,4,2021,90,Markus Bauer,NA,W5_19_2021,1036,1036,29,2.70660713
W5_20,5,W_551,4,north,water,5,1,2018,50,Jakob Huber,NA,W5_20_2018,1037,1037,2,2.339375759
W5_20,5,W_551,4,north,water,5,1,2019,70,Jakob Huber,91,W5_20_2019,1038,1038,19.5,2.695660085
W5_20,5,W_551,4,north,water,5,1,2020,80,Katharina Beck,NA,W5_20_2020,1039,1039,68.5,2.636677913
W5_20,5,W_551,4,north,water,5,1,2021,90,Markus Bauer,NA,W5_20_2021,1040,1040,19,3.108321471
W5_21,5,W_563,4,north,water,6,3,2018,65,Jakob Huber,NA,W5_21_2018,1041,1041,2.5,1.95602869
W5_21,5,W_563,4,north,water,6,3,2019,90,Jakob Huber,299,W5_21_2019,1042,1042,7.5,1.974817961
W5_21,5,W_563,4,north,water,6,3,2020,85,Katharina Beck,NA,W5_21_2020,1043,1043,60.5,2.293235772
W5_21,5,W_563,4,north,water,6,3,2021,90,Markus Bauer,NA,W5_21_2021,1044,1044,26,2.515338361
W5_22,5,W_562,4,north,water,6,2,2018,50,Jakob Huber,NA,W5_22_2018,1045,1045,5,2.116858181
W5_22,5,W_562,4,north,water,6,2,2019,80,Jakob Huber,172,W5_22_2019,1046,1046,6,1.652594882
W5_22,5,W_562,4,north,water,6,2,2020,85,Katharina Beck,NA,W5_22_2020,1047,1047,71.5,2.23999298
W5_22,5,W_562,4,north,water,6,2,2021,80,Markus Bauer,NA,W5_22_2021,1048,1048,15.5,2.425112904
W5_23,5,W_564,4,north,water,6,4,2018,60,Jakob Huber,NA,W5_23_2018,1049,1049,3,1.887469094
W5_23,5,W_564,4,north,water,6,4,2019,75,Jakob Huber,496,W5_23_2019,1050,1050,6.5,1.197468277
W5_23,5,W_564,4,north,water,6,4,2020,90,Katharina Beck,NA,W5_23_2020,1051,1051,14,1.519570504
W5_23,5,W_564,4,north,water,6,4,2021,80,Markus Bauer,NA,W5_23_2021,1052,1052,23,2.688818152
W5_24,5,W_561,4,north,water,6,1,2018,30,Jakob Huber,NA,W5_24_2018,1053,1053,3,2.097735637
W5_24,5,W_561,4,north,water,6,1,2019,75,Jakob Huber,135,W5_24_2019,1054,1054,8,2.149539103
W5_24,5,W_561,4,north,water,6,1,2020,80,Katharina Beck,NA,W5_24_2020,1055,1055,43,2.588460982
W5_24,5,W_561,4,north,water,6,1,2021,90,Markus Bauer,NA,W5_24_2021,1056,1056,11.5,2.70042847
W6_01,6,W_613,4,north,water,1,3,2018,65,Simon Reith,NA,W6_01_2018,1057,1057,0.5,1.559269269
W6_01,6,W_613,4,north,water,1,3,2019,75,Jakob Huber,197,W6_01_2019,1058,1058,11,2.590133749
W6_01,6,W_613,4,north,water,1,3,2020,85,Jakob Huber,NA,W6_01_2020,1059,1059,67.5,2.643273538
W6_01,6,W_613,4,north,water,1,3,2021,100,Markus Bauer,NA,W6_01_2021,1060,1060,31,2.935092532
W6_02,6,W_612,4,north,water,1,2,2018,75,Simon Reith,NA,W6_02_2018,1061,1061,0.5,0.660433362
W6_02,6,W_612,4,north,water,1,2,2019,80,Jakob Huber,318,W6_02_2019,1062,1062,11,2.560792418
W6_02,6,W_612,4,north,water,1,2,2020,80,Jakob Huber,NA,W6_02_2020,1063,1063,36,2.353395758
W6_02,6,W_612,4,north,water,1,2,2021,100,Markus Bauer,NA,W6_02_2021,1064,1064,24.5,2.985638232
W6_03,6,W_614,4,north,water,1,4,2018,60,Simon Reith,NA,W6_03_2018,1065,1065,0,0.715738035
W6_03,6,W_614,4,north,water,1,4,2019,90,Jakob Huber,308,W6_03_2019,1066,1066,5.5,2.049410896
W6_03,6,W_614,4,north,water,1,4,2020,100,Jakob Huber,NA,W6_03_2020,1067,1067,75,2.282657315
W6_03,6,W_614,4,north,water,1,4,2021,100,Markus Bauer,NA,W6_03_2021,1068,1068,52.5,2.926354982
W6_04,6,W_611,4,north,water,1,1,2018,70,Simon Reith,NA,W6_04_2018,1069,1069,0.5,0.499035847
W6_04,6,W_611,4,north,water,1,1,2019,65,Jakob Huber,227,W6_04_2019,1070,1070,34.5,2.389986473
W6_04,6,W_611,4,north,water,1,1,2020,80,Jakob Huber,NA,W6_04_2020,1071,1071,45.5,2.091213138
W6_04,6,W_611,4,north,water,1,1,2021,100,Markus Bauer,NA,W6_04_2021,1072,1072,12.5,2.628789839
W6_05,6,W_624,4,north,water,2,4,2018,50,Simon Reith,NA,W6_05_2018,1073,1073,2.5,1.281296238
W6_05,6,W_624,4,north,water,2,4,2019,70,Jakob Huber,234,W6_05_2019,1074,1074,7.5,2.253265875
W6_05,6,W_624,4,north,water,2,4,2020,75,Jakob Huber,NA,W6_05_2020,1075,1075,26.5,3.087234091
W6_05,6,W_624,4,north,water,2,4,2021,90,Markus Bauer,NA,W6_05_2021,1076,1076,29.5,3.020941557
W6_06,6,W_622,4,north,water,2,2,2018,60,Simon Reith,NA,W6_06_2018,1077,1077,0,0.816036321
W6_06,6,W_622,4,north,water,2,2,2019,55,Jakob Huber,94,W6_06_2019,1078,1078,6.5,2.877264038
W6_06,6,W_622,4,north,water,2,2,2020,70,Jakob Huber,NA,W6_06_2020,1079,1079,43.5,2.26794159
W6_06,6,W_622,4,north,water,2,2,2021,90,Markus Bauer,NA,W6_06_2021,1080,1080,13,2.577509408
W6_07,6,W_623,4,north,water,2,3,2018,60,Simon Reith,NA,W6_07_2018,1081,1081,2.5,1.881463331
W6_07,6,W_623,4,north,water,2,3,2019,80,Jakob Huber,377,W6_07_2019,1082,1082,8,2.533148506
W6_07,6,W_623,4,north,water,2,3,2020,75,Jakob Huber,NA,W6_07_2020,1083,1083,40,3.089363733
W6_07,6,W_623,4,north,water,2,3,2021,100,Markus Bauer,NA,W6_07_2021,1084,1084,25,2.940948726
W6_08,6,W_621,4,north,water,2,1,2018,40,Simon Reith,NA,W6_08_2018,1085,1085,1,1.823269594
W6_08,6,W_621,4,north,water,2,1,2019,75,Jakob Huber,134,W6_08_2019,1086,1086,3,2.152368304
W6_08,6,W_621,4,north,water,2,1,2020,80,Jakob Huber,NA,W6_08_2020,1087,1087,35.5,2.708615332
W6_08,6,W_621,4,north,water,2,1,2021,90,Markus Bauer,NA,W6_08_2021,1088,1088,15.5,2.726573317
W6_09,6,W_631,4,north,water,3,1,2018,30,Simon Reith,NA,W6_09_2018,1089,1089,1,1.482616162
W6_09,6,W_631,4,north,water,3,1,2019,50,Jakob Huber,129,W6_09_2019,1090,1090,15.5,2.554232888
W6_09,6,W_631,4,north,water,3,1,2020,75,Jakob Huber,NA,W6_09_2020,1091,1091,26,2.758497303
W6_09,6,W_631,4,north,water,3,1,2021,90,Markus Bauer,NA,W6_09_2021,1092,1092,10.5,3.032814566
W6_10,6,W_633,4,north,water,3,3,2018,25,Simon Reith,NA,W6_10_2018,1093,1093,2,1.835833869
W6_10,6,W_633,4,north,water,3,3,2019,75,Jakob Huber,269,W6_10_2019,1094,1094,3.5,1.508675365
W6_10,6,W_633,4,north,water,3,3,2020,70,Jakob Huber,NA,W6_10_2020,1095,1095,14,2.368851621
W6_10,6,W_633,4,north,water,3,3,2021,90,Markus Bauer,NA,W6_10_2021,1096,1096,34,2.812629257
W6_11,6,W_634,4,north,water,3,4,2018,30,Simon Reith,NA,W6_11_2018,1097,1097,1,1.924690623
W6_11,6,W_634,4,north,water,3,4,2019,80,Jakob Huber,241,W6_11_2019,1098,1098,6,1.883612443
W6_11,6,W_634,4,north,water,3,4,2020,80,Jakob Huber,NA,W6_11_2020,1099,1099,26,2.300678175
W6_11,6,W_634,4,north,water,3,4,2021,100,Markus Bauer,NA,W6_11_2021,1100,1100,12,2.534356926
W6_12,6,W_632,4,north,water,3,2,2018,30,Simon Reith,NA,W6_12_2018,1101,1101,2,1.685355974
W6_12,6,W_632,4,north,water,3,2,2019,80,Jakob Huber,225,W6_12_2019,1102,1102,9,2.32571138
W6_12,6,W_632,4,north,water,3,2,2020,85,Jakob Huber,NA,W6_12_2020,1103,1103,19,2.680399694
W6_12,6,W_632,4,north,water,3,2,2021,90,Markus Bauer,NA,W6_12_2021,1104,1104,13,2.336550623
W6_13,6,W_643,4,north,water,4,3,2018,60,Simon Reith,NA,W6_13_2018,1105,1105,0,0.920209534
W6_13,6,W_643,4,north,water,4,3,2019,60,Jakob Huber,299,W6_13_2019,1106,1106,5.5,1.948437675
W6_13,6,W_643,4,north,water,4,3,2020,70,Jakob Huber,NA,W6_13_2020,1107,1107,46.5,1.992008348
W6_13,6,W_643,4,north,water,4,3,2021,90,Markus Bauer,NA,W6_13_2021,1108,1108,20.5,2.626686403
W6_14,6,W_642,4,north,water,4,2,2018,60,Simon Reith,NA,W6_14_2018,1109,1109,0.5,1.262595365
W6_14,6,W_642,4,north,water,4,2,2019,70,Jakob Huber,104,W6_14_2019,1110,1110,9,2.559625609
W6_14,6,W_642,4,north,water,4,2,2020,85,Jakob Huber,NA,W6_14_2020,1111,1111,45.5,2.706969908
W6_14,6,W_642,4,north,water,4,2,2021,90,Markus Bauer,NA,W6_14_2021,1112,1112,23,2.821718847
W6_15,6,W_641,4,north,water,4,1,2018,60,Simon Reith,NA,W6_15_2018,1113,1113,0,0.989011934
W6_15,6,W_641,4,north,water,4,1,2019,55,Jakob Huber,198,W6_15_2019,1114,1114,4.5,2.73372832
W6_15,6,W_641,4,north,water,4,1,2020,75,Jakob Huber,NA,W6_15_2020,1115,1115,12,2.629961465
W6_15,6,W_641,4,north,water,4,1,2021,100,Markus Bauer,NA,W6_15_2021,1116,1116,15.5,2.706525972
W6_16,6,W_644,4,north,water,4,4,2018,70,Simon Reith,NA,W6_16_2018,1117,1117,0,0.607610536
W6_16,6,W_644,4,north,water,4,4,2019,60,Jakob Huber,180,W6_16_2019,1118,1118,1,1.945402906
W6_16,6,W_644,4,north,water,4,4,2020,80,Jakob Huber,NA,W6_16_2020,1119,1119,40.5,2.624005036
W6_16,6,W_644,4,north,water,4,4,2021,100,Markus Bauer,NA,W6_16_2021,1120,1120,34.5,2.92409011
W6_17,6,W_651,4,north,water,5,1,2018,60,Simon Reith,NA,W6_17_2018,1121,1121,1.5,0.909232581
W6_17,6,W_651,4,north,water,5,1,2019,70,Jakob Huber,121,W6_17_2019,1122,1122,5,2.112545129
W6_17,6,W_651,4,north,water,5,1,2020,75,Jakob Huber,NA,W6_17_2020,1123,1123,30,2.879733819
W6_17,6,W_651,4,north,water,5,1,2021,100,Markus Bauer,NA,W6_17_2021,1124,1124,22.5,2.74767473
W6_18,6,W_652,4,north,water,5,2,2018,55,Simon Reith,NA,W6_18_2018,1125,1125,1,1.786222748
W6_18,6,W_652,4,north,water,5,2,2019,65,Jakob Huber,73,W6_18_2019,1126,1126,5.5,2.376478318
W6_18,6,W_652,4,north,water,5,2,2020,75,Jakob Huber,NA,W6_18_2020,1127,1127,32,2.7035132
W6_18,6,W_652,4,north,water,5,2,2021,90,Markus Bauer,NA,W6_18_2021,1128,1128,16.5,2.795316964
W6_19,6,W_654,4,north,water,5,4,2018,70,Simon Reith,NA,W6_19_2018,1129,1129,1.5,1.190481839
W6_19,6,W_654,4,north,water,5,4,2019,70,Jakob Huber,147,W6_19_2019,1130,1130,5.5,2.10038668
W6_19,6,W_654,4,north,water,5,4,2020,75,Jakob Huber,NA,W6_19_2020,1131,1131,33,2.705340738
W6_19,6,W_654,4,north,water,5,4,2021,90,Markus Bauer,NA,W6_19_2021,1132,1132,18.5,2.712852207
W6_20,6,W_653,4,north,water,5,3,2018,60,Simon Reith,NA,W6_20_2018,1133,1133,1,1.440570833
W6_20,6,W_653,4,north,water,5,3,2019,60,Jakob Huber,134,W6_20_2019,1134,1134,3.5,2.406325527
W6_20,6,W_653,4,north,water,5,3,2020,65,Jakob Huber,NA,W6_20_2020,1135,1135,26,2.924741568
W6_20,6,W_653,4,north,water,5,3,2021,90,Markus Bauer,NA,W6_20_2021,1136,1136,23.5,2.784634563
W6_21,6,W_664,4,north,water,6,4,2018,70,Simon Reith,NA,W6_21_2018,1137,1137,0.5,1.270185394
W6_21,6,W_664,4,north,water,6,4,2019,85,Jakob Huber,114,W6_21_2019,1138,1138,8.5,1.905904169
W6_21,6,W_664,4,north,water,6,4,2020,75,Jakob Huber,NA,W6_21_2020,1139,1139,40.5,2.236546865
W6_21,6,W_664,4,north,water,6,4,2021,100,Markus Bauer,NA,W6_21_2021,1140,1140,29.5,2.482145213
W6_22,6,W_662,4,north,water,6,2,2018,30,Simon Reith,NA,W6_22_2018,1141,1141,1,2.049166269
W6_22,6,W_662,4,north,water,6,2,2019,70,Jakob Huber,218,W6_22_2019,1142,1142,6,2.410762734
W6_22,6,W_662,4,north,water,6,2,2020,65,Jakob Huber,NA,W6_22_2020,1143,1143,21.5,2.726334977
W6_22,6,W_662,4,north,water,6,2,2021,70,Markus Bauer,NA,W6_22_2021,1144,1144,15.5,3.102737866
W6_23,6,W_661,4,north,water,6,1,2018,20,Simon Reith,NA,W6_23_2018,1145,1145,1.5,2.21674392
W6_23,6,W_661,4,north,water,6,1,2019,75,Jakob Huber,62,W6_23_2019,1146,1146,4,2.124881087
W6_23,6,W_661,4,north,water,6,1,2020,65,Jakob Huber,NA,W6_23_2020,1147,1147,18,2.96324353
W6_23,6,W_661,4,north,water,6,1,2021,80,Markus Bauer,NA,W6_23_2021,1148,1148,23,3.14987719
W6_24,6,W_663,4,north,water,6,3,2018,25,Simon Reith,NA,W6_24_2018,1149,1149,0.5,2.03140598
W6_24,6,W_663,4,north,water,6,3,2019,75,Jakob Huber,559,W6_24_2019,1150,1150,6.5,1.521347631
W6_24,6,W_663,4,north,water,6,3,2020,80,Jakob Huber,NA,W6_24_2020,1151,1151,21,2.212197084
W6_24,6,W_663,4,north,water,6,3,2021,90,Markus Bauer,NA,W6_24_2021,1152,1152,37,2.899631157
